6.083477543305640389e-03 -5.204170427930421283e-18 -9.540979117872439019e-18 1.373391543097264751e-02 -1.040834085586084257e-17 1.373391543606891640e-02 -6.938893903907228378e-18 -2.428612866367529932e-17 -1.387778780781445676e-17 -6.938893903907228378e-18 1.356828828162020932e-02 -5.204170427930421283e-18 2.938948889038694653e-02 -1.040834085586084257e-17 1.356828828649310308e-02 -9.540979117872439019e-18 -2.081668171172168513e-17 -1.734723475976807094e-17 -1.387778780781445676e-17 -1.040834085586084257e-17 -3.469446951953614189e-18 9.865223200450566957e-03 3.469446951953614189e-18 2.549157503508920827e-02 -6.938893903907228378e-18 2.549157502423429061e-02 -1.561251128379126385e-17 9.865223210874686857e-03 -1.127570259384924611e-17 -1.994931997373328159e-17 -1.734723475976807094e-18 -8.673617379884035472e-18 -3.469446951953614189e-18 -1.734723475976807094e-18 -5.204170427930421283e-18 -4.336808689942017736e-18 6.615087045323428568e-03 -8.673617379884035472e-19 1.453598801516372066e-02 4.336808689942017736e-18 1.450537740324895318e-02 -6.071532165918824830e-18 1.453598801078478248e-02 -8.673617379884035472e-18 6.615087054789654114e-03 4.770489558936219510e-18 -6.938893903907228378e-18 -8.673617379884035472e-19 1.040834085586084257e-17 1.301042606982605321e-17 1.301042606982605321e-17 5.204170427930421283e-18 -8.673617379884035472e-19 -3.469446951953614189e-18 -3.035766082959412415e-18 4.537992211253455074e-03 -4.336808689942017736e-19 6.800020787801008826e-03 2.168404344971008868e-18 -2.333180308487137113e-04 6.288372600415925717e-18 -2.333180128328542907e-04 3.252606517456513302e-18 6.800020770386414753e-03 -7.806255641895631925e-18 4.537992227316958033e-03 -4.770489558936219510e-18 -9.107298248878237246e-18 6.071532165918824830e-18 4.553649124439118623e-18 1.084202172485504434e-17 1.734723475976807094e-17 1.387778780781445676e-17 1.127570259384924611e-17 6.938893903907228378e-18 1.301042606982605321e-18 7.806255641895631925e-18 -1.517883041479706208e-18 3.230268817856580751e-03 1.301042606982605321e-18 2.988961705326057157e-03 4.336808689942017736e-19 -6.509335974339313866e-03 8.673617379884035472e-19 -1.180694893040976252e-02 1.127570259384924611e-17 -6.509335982599611693e-03 1.409462824231155764e-18 2.988961697555339494e-03 -6.938893903907228378e-18 3.230268816586725870e-03 -1.084202172485504434e-17 -1.713039432527097006e-17 9.324138683375338132e-18 5.204170427930421283e-18 9.107298248878237246e-18 8.673617379884035472e-18 7.806255641895631925e-18 6.938893903907228378e-18 4.336808689942017736e-18 6.505213034913026604e-18 1.691355389077386917e-17 2.927345865710861972e-18 -8.239936510889833698e-18 -1.084202172485504434e-18 2.381029673634331260e-03 6.505213034913026604e-19 1.213362778304518871e-03 1.734723475976807094e-18 -6.759614510266848467e-03 -8.673617379884035472e-19 -1.095850131169973790e-02 8.673617379884035472e-19 -1.095850131377778224e-02 3.469446951953614189e-18 -6.759614508223549777e-03 0.000000000000000000e+00 1.213362760753984495e-03 -2.905661822261151883e-17 2.381029678657941261e-03 -1.474514954580286030e-17 -6.938893903907228378e-18 3.686287386450715076e-18 -9.107298248878237246e-18 5.204170427930421283e-18 8.673617379884035472e-19 -3.469446951953614189e-18 -4.336808689942017736e-18 -6.071532165918824830e-18 -2.602085213965210642e-18
-5.204170427930421283e-18 1.981739297937454292e-02 -1.040834085586084257e-17 -1.561251128379126385e-17 -2.775557561562891351e-17 -6.938893903907228378e-18 2.730220372256203856e-02 -2.775557561562891351e-17 4.312340432135959578e-02 -5.204170427930421283e-18 -1.214306433183764966e-17 -2.775557561562891351e-17 -3.122502256758252770e-17 -4.510281037539698445e-17 -1.908195823574487804e-17 2.343351148357839669e-02 -2.775557561562891351e-17 5.488106391462124756e-02 -2.081668171172168513e-17 3.905986331670942280e-02 3.469446951953614189e-18 -5.204170427930421283e-18 -6.938893903907228378e-18 -1.040834085586084257e-17 -2.428612866367529932e-17 -1.387778780781445676e-17 -3.122502256758252770e-17 -1.561251128379126385e-17 1.648031024728696670e-02 -1.040834085586084257e-17 4.002756303501907309e-02 -1.734723475976807094e-17 3.999695243833815972e-02 3.469446951953614189e-18 2.440121121561428588e-02 -8.673617379884035472e-19 -2.602085213965210642e-18 -5.204170427930421283e-18 -1.734723475976807094e-18 6.938893903907228378e-18 1.214306433183764966e-17 3.469446951953614189e-18 -1.387778780781445676e-17 -2.081668171172168513e-17 -9.540979117872439019e-18 1.115307925914854614e-02 -1.908195823574487804e-17 2.133600880038022396e-02 1.040834085586084257e-17 1.427205939041610236e-02 1.647987302177966740e-17 1.430266998431500673e-02 0.000000000000000000e+00 1.341510783312444000e-02 0.000000000000000000e+00 6.938893903907228378e-18 -2.602085213965210642e-18 4.336808689942017736e-18 8.239936510889833698e-18 2.157562323246153824e-17 2.363560736018399666e-17 2.255140518769849223e-17 1.040834085586084257e-17 -2.602085213965210642e-18 -1.821459649775647449e-17 6.071532165918824830e-18 7.768261031280490614e-03 -1.474514954580286030e-17 9.788982491938691063e-03 3.469446951953614189e-18 -6.742654004593025448e-03 1.994931997373328159e-17 -1.204026695385547810e-02 9.107298248878237246e-18 2.906847996316814370e-04 0.000000000000000000e+00 7.526953916579511364e-03 8.673617379884035472e-19 -8.239936510889833698e-18 4.336808689942017736e-19 2.645453300864630819e-17 4.987329993433320396e-18 1.214306433183764966e-17 1.387778780781445676e-17 1.561251128379126385e-17 2.602085213965210642e-17 1.821459649775647449e-17 4.662069341687669066e-18 2.428612866367529932e-17 -1.214306433183764966e-17 -2.949029909160572061e-17 5.611298495244658457e-03 -3.295974604355933479e-17 4.202324487084647259e-03 8.239936510889833698e-18 -1.326895049082316320e-02 8.673617379884035472e-18 -2.276545024418754476e-02 8.673617379884035472e-18 -1.746783729468189689e-02 2.602085213965210642e-18 -3.770652798721453331e-03 2.385244779468109755e-18 4.443631593619239671e-03 6.505213034913026604e-19 6.505213034913026604e-18 1.734723475976807094e-18 -9.432558900623888576e-18 5.637851296924623057e-18 1.474514954580286030e-17 1.734723475976807094e-18 -5.204170427930421283e-18 5.204170427930421283e-18 1.734723475976807094e-18 1.040834085586084257e-17 2.688821387764050996e-17 1.301042606982605321e-18 -3.989863994746656317e-17 -5.117434254131580929e-17 6.071532165918824830e-18 4.189710766460283398e-03 -1.301042606982605321e-17 1.596481953596039227e-03 -1.778091562876227272e-17 -1.206979314050166466e-02 1.734723475976807094e-18 -1.632607318329194063e-02 -5.204170427930421283e-18 -1.436169785734225067e-02 -2.602085213965210642e-18
-9.540979117872439019e-18 -1.040834085586084257e-17 1.981739297306696346e-02 -1.387778780781445676e-17 -1.040834085586084257e-17 -2.428612866367529932e-17 -1.040834085586084257e-17 4.312340432282429914e-02 -1.734723475976807094e-17 2.730220371519412326e-02 -1.214306433183764966e-17 -2.775557561562891351e-17 -4.163336342344337027e-17 -6.938893903907228378e-17 -2.081668171172168513e-17 -1.561251128379126385e-17 3.905986330468207146e-02 -1.734723475976807094e-17 5.488106393327508298e-02 -3.469446951953614189e-18 2.343351147768139853e-02 -1.214306433183764966e-17 -1.387778780781445676e-17 -1.734723475976807094e-17 -1.387778780781445676e-17 -3.122502256758252770e-17 3.469446951953614189e-18 -1.994931997373328159e-17 -8.673617379884035472e-18 2.440121121321115610e-02 -2.081668171172168513e-17 3.999695244046518050e-02 -3.469446951953614189e-18 4.002756305025292893e-02 -3.469446951953614189e-18 1.648031024577400333e-02 -6.938893903907228378e-18 -1.040834085586084257e-17 -1.734723475976807094e-18 5.204170427930421283e-18 1.734723475976807094e-17 5.204170427930421283e-18 3.469446951953614189e-18 -1.214306433183764966e-17 -6.938893903907228378e-18 -7.806255641895631925e-18 1.341510781433981683e-02 -5.204170427930421283e-18 1.430266999795193686e-02 1.040834085586084257e-17 1.427205937240022884e-02 5.204170427930421283e-18 2.133600880296473296e-02 -1.734723475976807094e-18 1.115307925657688798e-02 4.336808689942017736e-18 -5.204170427930421283e-18 0.000000000000000000e+00 1.214306433183764966e-17 2.428612866367529932e-17 2.493664996716660198e-17 2.835188681049594095e-17 8.673617379884035472e-18 -6.938893903907228378e-18 6.071532165918824830e-18 -9.107298248878237246e-18 -6.938893903907228378e-18 7.526953911667427603e-03 -7.372574772901430151e-18 2.906847995583512062e-04 1.257674520083185143e-17 -1.204026695360256236e-02 1.040834085586084257e-17 -6.742654005188029528e-03 4.336808689942017736e-19 9.788982493127082463e-03 1.734723475976807094e-18 7.768261029110042765e-03 -1.170938346284344789e-17 -3.469446951953614189e-18 2.732189474663471174e-17 1.257674520083185143e-17 1.734723475976807094e-17 1.908195823574487804e-17 2.428612866367529932e-17 1.387778780781445676e-17 1.040834085586084257e-17 1.214306433183764966e-17 -4.553649124439118623e-18 -2.428612866367529932e-17 -1.713039432527097006e-17 -2.905661822261151883e-17 4.443631576696968795e-03 -7.589415207398531038e-18 -3.770652796290422694e-03 4.336808689942017736e-18 -1.746783729791848150e-02 1.387778780781445676e-17 -2.276545024037456011e-02 0.000000000000000000e+00 -1.326895049496868047e-02 3.035766082959412415e-18 4.202324491254979741e-03 8.673617379884035472e-19 5.611298491490906808e-03 5.637851296924623057e-18 -8.673617379884035472e-19 -1.409462824231155764e-17 9.540979117872439019e-18 2.428612866367529932e-17 3.469446951953614189e-18 3.469446951953614189e-18 0.000000000000000000e+00 0.000000000000000000e+00 2.602085213965210642e-18 6.071532165918824830e-18 1.517883041479706208e-17 -2.732189474663471174e-17 -4.662069341687669066e-17 -6.938893903907228378e-18 -7.372574772901430151e-18 2.764148855141603488e-03 -5.307169634316544204e-17 -4.096815854545848325e-03 -1.734723475976807094e-18 -1.212718637961981288e-02 -3.469446951953614189e-18 -1.436169785719113023e-02 -2.602085213965210642e-18 -1.632607318328662890e-02
1.373391543097264751e-02 -1.561251128379126385e-17 -1.387778780781445676e-17 3.338568125589848334e-02 -1.040834085586084257e-17 2.938948889038694653e-02 -1.734723475976807094e-17 -4.163336342344337027e-17 -2.081668171172168513e-17 -2.081668171172168513e-17 3.716742691304336654e-02 -6.938893903907228378e-18 6.861497936154505040e-02 -1.734723475976807094e-17 2.549157502423429061e-02 -1.734723475976807094e-18 -3.122502256758252770e-17 -1.387778780781445676e-17 -2.775557561562891351e-17 -4.163336342344337027e-17 -1.734723475976807094e-17 3.004859852739418663e-02 -3.469446951953614189e-18 6.941705194063987894e-02 -2.081668171172168513e-17 5.356524071397637810e-02 -1.734723475976807094e-17 1.453598801078478248e-02 -8.673617379884035472e-19 3.469446951953614189e-18 1.040834085586084257e-17 1.387778780781445676e-17 -1.734723475976807094e-17 -1.734723475976807094e-17 -1.734723475976807094e-17 -1.387778780781445676e-17 2.101830245702745320e-02 0.000000000000000000e+00 4.682758383805395164e-02 0.000000000000000000e+00 3.976363439663455068e-02 0.000000000000000000e+00 2.416789320882664627e-02 -5.204170427930421283e-18 6.800020770386414753e-03 6.071532165918824830e-18 -5.204170427930421283e-18 1.734723475976807094e-18 2.255140518769849223e-17 2.081668171172168513e-17 2.949029909160572061e-17 6.938893903907228378e-18 -3.469446951953614189e-18 -1.040834085586084257e-17 -1.040834085586084257e-17 1.438334807443344965e-02 -1.734723475976807094e-18 2.432497050829080312e-02 6.938893903907228378e-18 7.762723398060926254e-03 1.127570259384924611e-17 2.495721057182214916e-03 5.204170427930421283e-18 6.905771854347972361e-03 -6.938893903907228378e-18 2.988961697555339494e-03 9.324138683375338132e-18 -4.987329993433320396e-18 1.387778780781445676e-17 5.204170427930421283e-18 1.561251128379126385e-17 3.642919299551294898e-17 2.949029909160572061e-17 3.252606517456513302e-17 1.734723475976807094e-17 1.734723475976807094e-18 2.081668171172168513e-17 -6.071532165918824830e-18 1.014929070274438530e-02 0.000000000000000000e+00 1.100234527905596081e-02 3.686287386450715076e-18 -1.350226852581739440e-02 6.938893903907228378e-18 -2.299876825320741267e-02 1.387778780781445676e-17 -1.066781652753209624e-02 -2.602085213965210642e-18 7.673394310265656965e-04 -7.155734338404329264e-18 1.213362760753984495e-03 3.686287386450715076e-18 -2.732189474663471174e-17 2.059984127722458425e-18 -5.204170427930421283e-18 1.214306433183764966e-17 8.673617379884035472e-18 6.938893903907228378e-18 2.081668171172168513e-17 1.734723475976807094e-17 2.255140518769849223e-17 5.334274688628681815e-17 6.505213034913026604e-18 -2.428612866367529932e-17 -5.204170427930421283e-18 7.419979578261898592e-03 0.000000000000000000e+00 4.585443668240807985e-03 4.770489558936219510e-18 -1.857912912622595655e-02 3.469446951953614189e-18 -2.813302211129012007e-02 3.469446951953614189e-18 -2.087103384201991624e-02 -3.469446951953614189e-18 -9.138224682064452140e-03 -9.107298248878237246e-18 -8.665470230526549009e-04 -5.307169634316544204e-17 3.831191772611106452e-04 -4.336808689942017736e-18 -1.176359357146772311e-17 5.204170427930421283e-18 -2.211772431870429045e-17 1.301042606982605321e-17 -1.474514954580286030e-17 -1.214306433183764966e-17 -1.040834085586084257e-17 -6.938893903907228378e-18 -5.204170427930421283e-18
-1.040834085586084257e-17 -2.775557561562891351e-17 -1.040834085586084257e-17 -1.040834085586084257e-17 6.294079729589124872e-02 -2.775557561562891351e-17 -4.510281037539698445e-17 -5.551115123125782702e-17 -5.551115123125782702e-17 -2.775557561562891351e-17 -3.469446951953614189e-18 8.218326764846921317e-02 -4.857225732735059864e-17 8.218326762750638448e-02 -2.775557561562891351e-17 -3.122502256758252770e-17 -5.551115123125782702e-17 -6.938893903907228378e-17 -4.163336342344337027e-17 -2.775557561562891351e-17 -1.387778780781445676e-17 -6.938893903907228378e-18 6.346107453232371909e-02 -1.387778780781445676e-17 9.487801635295939340e-02 -4.163336342344337027e-17 6.346107451789320675e-02 -1.040834085586084257e-17 -2.081668171172168513e-17 -6.938893903907228378e-18 -2.775557561562891351e-17 -1.387778780781445676e-17 -2.081668171172168513e-17 -1.387778780781445676e-17 -1.387778780781445676e-17 -8.673617379884035472e-18 -1.734723475976807094e-18 3.781631904873873629e-02 3.469446951953614189e-18 5.429962242265315431e-02 1.387778780781445676e-17 5.429962242543517892e-02 -3.469446951953614189e-18 3.781631902755096253e-02 -1.908195823574487804e-17 -1.821459649775647449e-17 1.387778780781445676e-17 -1.040834085586084257e-17 6.938893903907228378e-18 2.949029909160572061e-17 2.949029909160572061e-17 1.734723475976807094e-17 6.938893903907228378e-18 -8.673617379884035472e-18 -5.204170427930421283e-18 0.000000000000000000e+00 2.094206174970397044e-02 5.204170427930421283e-18 1.459335479777669996e-02 2.341876692568689577e-17 2.231792418797668657e-03 2.949029909160572061e-17 1.459335479751027939e-02 -1.561251128379126385e-17 2.094206175004833387e-02 -1.474514954580286030e-17 -1.214306433183764966e-17 3.816391647148975608e-17 -1.821459649775647449e-17 2.775557561562891351e-17 3.903127820947815962e-17 2.949029909160572061e-17 3.816391647148975608e-17 3.816391647148975608e-17 1.301042606982605321e-17 9.540979117872439019e-18 3.122502256758252770e-17 -2.602085213965210642e-18 8.673617379884035472e-19 1.197058552036502424e-02 1.734723475976807094e-18 -3.479968001841598005e-03 1.040834085586084257e-17 -2.950810424556259137e-02 2.775557561562891351e-17 -2.950810425152104732e-02 1.040834085586084257e-17 -3.479967996732075824e-03 -7.806255641895631925e-18 1.197058551711948672e-02 -3.295974604355933479e-17 -5.117434254131580929e-17 -2.081668171172168513e-17 -1.561251128379126385e-17 7.459310946700270506e-17 1.561251128379126385e-17 2.081668171172168513e-17 2.775557561562891351e-17 1.387778780781445676e-17 1.387778780781445676e-17 2.428612866367529932e-17 4.857225732735059864e-17 7.372574772901430151e-18 -2.688821387764050996e-17 -4.336808689942017736e-19 0.000000000000000000e+00 7.207780446285942666e-03 4.336808689942017736e-18 -7.867468649647922987e-03 6.938893903907228378e-18 -2.959502367825530764e-02 6.938893903907228378e-18 -3.712714809756569034e-02 6.938893903907228378e-18 -2.959502367753830132e-02 8.673617379884035472e-18 -7.867468650836272753e-03 -4.857225732735059864e-17 7.207780447388817402e-03 -1.301042606982605321e-17 -9.540979117872439019e-18 -9.107298248878237246e-18 -1.005055413894062610e-16 4.336808689942017736e-18 -3.469446951953614189e-18 1.387778780781445676e-17 -6.938893903907228378e-18 -1.908195823574487804e-17 -1.214306433183764966e-17 -8.673617379884035472e-18
1.373391543606891640e-02 -6.938893903907228378e-18 -2.428612866367529932e-17 2.938948889038694653e-02 -2.775557561562891351e-17 3.338568126586770324e-02 -1.387778780781445676e-17 -6.245004513516505540e-17 -3.122502256758252770e-17 -2.081668171172168513e-17 2.549157503508920480e-02 -2.081668171172168513e-17 6.861497934559387946e-02 -4.857225732735059864e-17 3.716742691619824568e-02 -2.428612866367529932e-17 -6.591949208711866959e-17 -3.469446951953614189e-17 -5.551115123125782702e-17 -1.734723475976807094e-17 -3.469446951953614189e-18 1.453598801516371893e-02 6.938893903907228378e-18 5.356524071995837077e-02 -3.469446951953614189e-17 6.941705192540602309e-02 -2.775557561562891351e-17 3.004859852803314080e-02 -8.673617379884035472e-18 -2.081668171172168513e-17 -1.387778780781445676e-17 0.000000000000000000e+00 -6.938893903907228378e-18 0.000000000000000000e+00 0.000000000000000000e+00 -8.673617379884035472e-19 6.800020787801008826e-03 0.000000000000000000e+00 2.416789319809279496e-02 6.938893903907228378e-18 3.976363440587026010e-02 -3.469446951953614189e-18 4.682758383062150809e-02 -2.428612866367529932e-17 2.101830246198073404e-02 5.204170427930421283e-18 -2.428612866367529932e-17 -1.040834085586084257e-17 1.214306433183764966e-17 2.428612866367529932e-17 2.602085213965210642e-17 1.040834085586084257e-17 6.938893903907228378e-18 6.071532165918824830e-18 1.301042606982605321e-18 2.988961705326057157e-03 4.336808689942017736e-19 6.905771843225810142e-03 4.770489558936219510e-18 2.495721065751254492e-03 1.474514954580286030e-17 7.762723392110031963e-03 3.469446951953614189e-18 2.432497051112993136e-02 -1.908195823574487804e-17 1.438334807573527115e-02 -5.204170427930421283e-18 -1.561251128379126385e-17 1.908195823574487804e-17 8.673617379884035472e-18 2.602085213965210642e-17 3.556183125752454544e-17 2.341876692568689577e-17 1.778091562876227272e-17 7.806255641895631925e-18 3.686287386450715076e-18 2.623769257414920730e-17 2.927345865710861972e-18 1.213362778304518871e-03 2.385244779468109755e-18 7.673394146054191359e-04 -8.673617379884035472e-19 -1.066781651206805473e-02 6.938893903907228378e-18 -2.299876826763326207e-02 1.908195823574487804e-17 -1.350226851281657869e-02 3.089976191583687637e-18 1.100234526827363092e-02 -1.301042606982605321e-17 1.014929070993844142e-02 9.540979117872439019e-18 -3.816391647148975608e-17 1.387778780781445676e-17 2.038300084272748336e-17 2.775557561562891351e-17 2.081668171172168513e-17 1.908195823574487804e-17 1.561251128379126385e-17 5.204170427930421283e-18 5.204170427930421283e-18 2.255140518769849223e-17 3.361026734705063745e-18 -9.107298248878237246e-18 2.385244779468109755e-18 3.831191783908531037e-04 1.301042606982605321e-18 -8.665470393576918656e-04 0.000000000000000000e+00 -9.138224667902055190e-03 -2.602085213965210642e-18 -2.087103384032441139e-02 6.938893903907228378e-18 -2.813302211370170142e-02 1.387778780781445676e-17 -1.857912912310127895e-02 2.168404344971008868e-18 4.585443664345751832e-03 -6.591949208711866959e-17 7.419979583046997992e-03 -8.673617379884035472e-19 -4.336808689942017736e-18 2.602085213965210642e-17 -1.951563910473907981e-17 1.734723475976807094e-17 5.204170427930421283e-18 -3.469446951953614189e-18 -1.040834085586084257e-17 -6.938893903907228378e-18 -4.336808689942017736e-18
-6.938893903907228378e-18 2.730220372256203856e-02 -1.040834085586084257e-17 -1.734723475976807094e-17 -4.510281037539698445e-17 -1.387778780781445676e-17 4.325090445835405584e-02 -4.163336342344337027e-17 5.488106391462123368e-02 -1.040834085586084257e-17 -3.469446951953614189e-18 -2.428612866367529932e-17 -4.163336342344337027e-17 -6.938893903907228378e-17 -2.081668171172168513e-17 4.378251396065301060e-02 -4.857225732735059864e-17 8.315096735637866887e-02 -2.775557561562891351e-17 3.999695243833815972e-02 4.336808689942017736e-18 6.938893903907228378e-18 5.204170427930421283e-18 -1.040834085586084257e-17 -2.081668171172168513e-17 -4.857225732735059864e-17 -5.551115123125782702e-17 -2.428612866367529932e-17 3.458659074272695672e-02 -2.081668171172168513e-17 7.621707272461361593e-02 0.000000000000000000e+00 5.333192268618076187e-02 6.938893903907228378e-18 1.430266998431500500e-02 1.734723475976807094e-18 6.938893903907228378e-18 8.239936510889833698e-18 1.214306433183764966e-17 1.387778780781445676e-17 1.387778780781445676e-17 -3.469446951953614189e-18 -2.081668171172168513e-17 -4.510281037539698445e-17 -1.561251128379126385e-17 2.424857127856742955e-02 -3.816391647148975608e-17 4.981654554137122937e-02 1.040834085586084257e-17 3.325429842327065622e-02 2.255140518769849223e-17 1.236094426768302550e-02 4.336808689942017736e-18 2.906847996316823043e-04 3.252606517456513302e-19 1.691355389077386917e-17 4.987329993433320396e-18 6.938893903907228378e-18 8.023096076392732812e-18 2.276824562219559311e-17 2.862293735361731706e-17 2.949029909160572061e-17 5.204170427930421283e-18 -3.469446951953614189e-18 -3.469446951953614189e-17 1.040834085586084257e-17 1.676437775439319419e-02 -3.122502256758252770e-17 2.553833328746486775e-02 1.734723475976807094e-18 1.003108883886482186e-03 2.688821387764050996e-17 -8.462780248026529478e-03 5.637851296924623057e-18 -4.052729468473926025e-03 -2.168404344971008868e-19 -3.770652798721454632e-03 1.517883041479706208e-18 -1.301042606982605321e-18 6.071532165918824830e-18 2.341876692568689577e-17 -2.602085213965210642e-18 1.734723475976807094e-18 8.673617379884035472e-18 1.908195823574487804e-17 4.163336342344337027e-17 3.642919299551294898e-17 9.757819552369539906e-18 4.857225732735059864e-17 -2.775557561562891351e-17 -4.943961906533900219e-17 1.195797179774079136e-02 -6.418476861114186249e-17 1.138546444553473203e-02 2.255140518769849223e-17 -1.881244714509469618e-02 1.734723475976807094e-17 -2.836634013714741526e-02 1.040834085586084257e-17 -1.407101305771056923e-02 -3.035766082959412415e-18 -4.600232454575184024e-03 -4.336808689942017736e-19 -4.096815854672412882e-03 1.734723475976807094e-18 7.806255641895631925e-18 4.770489558936219510e-18 -6.288372600415925717e-18 -1.734723475976807094e-18 -3.035766082959412415e-18 -7.806255641895631925e-18 -6.938893903907228378e-18 5.204170427930421283e-18 1.387778780781445676e-17 2.428612866367529932e-17 5.724587470723463412e-17 1.734723475976807094e-18 -7.806255641895631925e-17 -8.673617379884035472e-17 1.994931997373328159e-17 8.829318786787838935e-03 -1.127570259384924611e-17 4.578546037664218277e-03 -3.642919299551294898e-17 -2.239891893880401746e-02 1.214306433183764966e-17 -2.922070841910045375e-02 -5.204170427930421283e-18 -1.687500095082477419e-02 -5.204170427930421283e-18
-2.428612866367529932e-17 -2.775557561562891351e-17 4.312340432282429914e-02 -4.163336342344337027e-17 -5.551115123125782702e-17 -6.245004513516505540e-17 -4.163336342344337027e-17 1.020006606005733341e-01 -4.857225732735059864e-17 5.488106393327508992e-02 -1.387778780781445676e-17 -4.163336342344337027e-17 -1.110223024625156540e-16 -6.938893903907228378e-17 -6.591949208711866959e-17 -2.775557561562891351e-17 1.065844788407175059e-01 -6.938893903907228378e-17 1.221802200655522364e-01 -6.938893903907228378e-18 4.002756305025292893e-02 -3.469446951953614189e-18 -2.081668171172168513e-17 -4.857225732735059864e-17 -4.163336342344337027e-17 -3.469446951953614189e-17 -5.551115123125782702e-17 -2.081668171172168513e-17 -2.428612866367529932e-17 7.687618235756291107e-02 -2.775557561562891351e-17 1.091806863509113268e-01 0.000000000000000000e+00 7.773313390472394446e-02 3.469446951953614189e-18 2.133600880296473296e-02 -8.673617379884035472e-19 6.938893903907228378e-18 0.000000000000000000e+00 0.000000000000000000e+00 2.775557561562891351e-17 0.000000000000000000e+00 -6.938893903907228378e-18 6.938893903907228378e-18 -2.428612866367529932e-17 -1.908195823574487804e-17 4.534327297170778065e-02 -2.428612866367529932e-17 5.459030722499352839e-02 1.387778780781445676e-17 4.225935546905059542e-02 1.387778780781445676e-17 3.107366504355071196e-02 3.469446951953614189e-18 9.788982493127082463e-03 2.732189474663471174e-17 1.127570259384924611e-17 1.040834085586084257e-17 2.602085213965210642e-17 4.163336342344337027e-17 3.816391647148975608e-17 5.204170427930421283e-17 2.775557561562891351e-17 -2.428612866367529932e-17 4.857225732735059864e-17 -1.561251128379126385e-17 -1.301042606982605321e-17 2.538569334229553304e-02 -2.428612866367529932e-17 1.082270200121986103e-02 2.602085213965210642e-17 -1.523604487912081848e-02 2.255140518769849223e-17 -8.172095442597854947e-03 3.469446951953614189e-18 7.673111254735290841e-03 1.734723475976807094e-18 4.202324491254979741e-03 -1.387778780781445676e-17 8.239936510889833698e-18 5.204170427930421283e-17 1.561251128379126385e-17 2.081668171172168513e-17 3.469446951953614189e-17 5.551115123125782702e-17 4.163336342344337027e-17 3.122502256758252770e-17 5.204170427930421283e-17 -5.204170427930421283e-18 6.591949208711866959e-17 -3.816391647148975608e-17 -6.591949208711866959e-17 1.473473437226108761e-02 -1.127570259384924611e-17 -7.576783851277912873e-03 1.214306433183764966e-17 -4.163529063114085327e-02 2.428612866367529932e-17 -4.386980210275372161e-02 3.469446951953614189e-18 -1.980604118512822170e-02 -2.168404344971008868e-18 -9.920762053788033125e-05 3.686287386450715076e-18 1.596481954795034557e-03 1.778091562876227272e-17 8.456776945386934585e-18 -2.298508605669269400e-17 5.204170427930421283e-18 2.602085213965210642e-17 3.469446951953614189e-18 1.387778780781445676e-17 1.387778780781445676e-17 1.040834085586084257e-17 1.387778780781445676e-17 1.734723475976807094e-17 5.637851296924623057e-17 -6.591949208711866959e-17 8.673617379884035472e-18 -4.336808689942017736e-18 -5.204170427930421283e-18 9.009563907629561733e-03 -1.153591111524576718e-16 -1.130413928766730094e-02 0.000000000000000000e+00 -3.599288861743739354e-02 -3.469446951953614189e-18 -3.849868707485790825e-02 0.000000000000000000e+00 -2.900218734032558587e-02
-1.387778780781445676e-17 4.312340432135959578e-02 -1.734723475976807094e-17 -2.081668171172168513e-17 -5.551115123125782702e-17 -3.122502256758252770e-17 5.488106391462123368e-02 -4.857225732735059864e-17 1.020006606174435337e-01 -6.938893903907228378e-18 -4.163336342344337027e-17 -4.857225732735059864e-17 -3.469446951953614189e-17 -6.938893903907228378e-17 -1.387778780781445676e-17 4.002756303501907309e-02 -4.857225732735059864e-17 1.221802200755214424e-01 -4.163336342344337027e-17 1.065844788536832594e-01 0.000000000000000000e+00 -1.734723475976807094e-17 -3.469446951953614189e-17 -5.551115123125782702e-17 -6.245004513516505540e-17 -1.387778780781445676e-17 -2.081668171172168513e-17 -1.387778780781445676e-17 2.133600880038022396e-02 0.000000000000000000e+00 7.773313392280302436e-02 6.938893903907228378e-18 1.091806863372744435e-01 0.000000000000000000e+00 7.687618236544814521e-02 -6.938893903907228378e-18 -1.040834085586084257e-17 -1.040834085586084257e-17 0.000000000000000000e+00 1.387778780781445676e-17 1.387778780781445676e-17 0.000000000000000000e+00 -1.734723475976807094e-17 -1.387778780781445676e-17 -2.602085213965210642e-18 9.788982491938691063e-03 -1.214306433183764966e-17 3.107366506317462557e-02 2.081668171172168513e-17 4.225935545381677427e-02 3.122502256758252770e-17 5.459030723611488223e-02 3.469446951953614189e-18 4.534327296531824592e-02 -1.734723475976807094e-18 2.081668171172168513e-17 -3.469446951953614189e-18 1.040834085586084257e-17 2.255140518769849223e-17 4.683753385137379155e-17 4.163336342344337027e-17 2.428612866367529932e-17 1.647987302177966740e-17 -5.204170427930421283e-18 -1.908195823574487804e-17 2.428612866367529932e-17 4.202324487084647259e-03 -6.071532165918824830e-18 7.673111260264046246e-03 -4.770489558936219510e-18 -8.172095448400376605e-03 3.642919299551294898e-17 -1.523604487382772960e-02 2.602085213965210642e-17 1.082270199707126984e-02 3.469446951953614189e-18 2.538569335348941219e-02 0.000000000000000000e+00 -2.515349040166370287e-17 0.000000000000000000e+00 7.719519468096791570e-17 2.190088388420718957e-17 4.336808689942017736e-17 3.816391647148975608e-17 3.122502256758252770e-17 3.989863994746656317e-17 1.214306433183764966e-17 1.734723475976807094e-18 4.553649124439118623e-17 -1.908195823574487804e-17 -3.989863994746656317e-17 1.596481953596039227e-03 -4.835541689285349776e-17 -9.920762213650249906e-05 -9.974659986866640793e-18 -1.980604118217640930e-02 6.938893903907228378e-18 -4.386980210612283215e-02 2.775557561562891351e-17 -4.163529062798483615e-02 1.734723475976807094e-17 -7.576783853762225976e-03 5.204170427930421283e-18 1.473473437369218764e-02 8.673617379884035472e-19 1.734723475976807094e-17 0.000000000000000000e+00 -3.556183125752454544e-17 1.734723475976807094e-17 5.898059818321144121e-17 1.387778780781445676e-17 0.000000000000000000e+00 2.081668171172168513e-17 3.469446951953614189e-18 -3.469446951953614189e-18 3.469446951953614189e-17 -1.561251128379126385e-17 -6.938893903907228378e-17 -9.844555726168380261e-17 2.775557561562891351e-17 3.762215505795796916e-04 -1.740144486839234617e-17 -1.922187999140158310e-03 -3.729655473350135253e-17 -1.432272682832990557e-02 -2.255140518769849223e-17 -2.900218733025798981e-02 -1.040834085586084257e-17 -3.849868708404655809e-02 -6.938893903907228378e-18
-6.938893903907228378e-18 -5.204170427930421283e-18 2.730220371519412326e-02 -2.081668171172168513e-17 -2.775557561562891351e-17 -2.081668171172168513e-17 -1.040834085586084257e-17 5.488106393327508992e-02 -6.938893903907228378e-18 4.325090445074838280e-02 -2.428612866367529932e-17 -3.469446951953614189e-17 -4.163336342344337027e-17 -1.387778780781445676e-17 -8.673617379884035472e-18 -6.071532165918824830e-18 3.999695244046518050e-02 -2.081668171172168513e-17 8.315096737670875371e-02 -1.387778780781445676e-17 4.378251395836688792e-02 -2.081668171172168513e-17 -2.775557561562891351e-17 -4.163336342344337027e-17 -4.857225732735059864e-17 1.040834085586084257e-17 5.204170427930421283e-18 1.040834085586084257e-17 3.252606517456513302e-18 1.430266999795193686e-02 3.469446951953614189e-18 5.333192268312765549e-02 -1.387778780781445676e-17 7.621707272844088776e-02 -1.387778780781445676e-17 3.458659073864767119e-02 -1.040834085586084257e-17 -2.081668171172168513e-17 -2.081668171172168513e-17 -6.938893903907228378e-18 1.734723475976807094e-17 5.377642775528101993e-17 2.255140518769849223e-17 8.673617379884035472e-18 4.553649124439118623e-18 1.409462824231155764e-18 2.906847995583512062e-04 4.336808689942017736e-18 1.236094426805693820e-02 -1.734723475976807094e-18 3.325429842229519345e-02 3.469446951953614189e-18 4.981654554338001140e-02 -3.469446951953614189e-18 2.424857127488403222e-02 6.938893903907228378e-18 -1.387778780781445676e-17 -3.469446951953614189e-18 1.387778780781445676e-17 3.122502256758252770e-17 3.122502256758252770e-17 2.862293735361731706e-17 -1.040834085586084257e-17 4.336808689942017736e-18 1.214306433183764966e-17 5.204170427930421283e-18 0.000000000000000000e+00 -3.770652796290422694e-03 -2.385244779468109755e-18 -4.052729472742455999e-03 6.938893903907228378e-18 -8.462780242422640598e-03 1.084202172485504434e-17 1.003108877431552279e-03 8.673617379884035472e-18 2.553833329421971443e-02 0.000000000000000000e+00 1.676437774806781300e-02 -2.428612866367529932e-17 -3.469446951953614189e-18 5.898059818321144121e-17 2.081668171172168513e-17 3.556183125752454544e-17 3.122502256758252770e-17 3.642919299551294898e-17 3.469446951953614189e-18 -1.734723475976807094e-18 1.734723475976807094e-18 -4.336808689942017736e-18 1.517883041479706208e-17 -9.107298248878237246e-18 -2.493664996716660198e-17 -4.096815854545848325e-03 -9.107298248878237246e-18 -4.600232454747494107e-03 -1.040834085586084257e-17 -1.407101305763275474e-02 1.214306433183764966e-17 -2.836634013688917738e-02 1.214306433183764966e-17 -1.881244714609091664e-02 9.107298248878237246e-18 1.138546444792211051e-02 0.000000000000000000e+00 1.195797179291489820e-02 6.938893903907228378e-18 -3.469446951953614189e-18 -3.035766082959412415e-17 1.908195823574487804e-17 6.418476861114186249e-17 1.908195823574487804e-17 3.469446951953614189e-18 -1.734723475976807094e-18 0.000000000000000000e+00 -6.071532165918824830e-18 -1.951563910473907981e-17 -8.023096076392732812e-18 -2.298508605669269400e-17 1.214306433183764966e-17 -4.119968255444916849e-18 -3.035766082959412415e-18 -3.436670636831021253e-03 -6.483528991463316515e-17 -1.954233347651919070e-03 -1.149254302834634700e-17 -5.142191773582632797e-03 -1.127570259384924611e-17 -1.687500095535604885e-02 -6.938893903907228378e-18 -2.922070841389325102e-02
1.356828828162020932e-02 -1.214306433183764966e-17 -1.214306433183764966e-17 3.716742691304336654e-02 -3.469446951953614189e-18 2.549157503508920480e-02 -3.469446951953614189e-18 -1.387778780781445676e-17 -4.163336342344337027e-17 -2.428612866367529932e-17 4.986599150167247974e-02 -1.387778780781445676e-17 6.941705194063987894e-02 -6.938893903907228378e-18 1.450537740324895318e-02 1.301042606982605321e-17 1.908195823574487804e-17 -1.734723475976807094e-17 -3.469446951953614189e-17 -2.081668171172168513e-17 -2.775557561562891351e-17 4.832050616962029616e-02 -1.387778780781445676e-17 8.995098816450977641e-02 -1.387778780781445676e-17 3.976363439663455068e-02 1.040834085586084257e-17 -2.333180128328542907e-04 1.084202172485504434e-17 2.878556767949014272e-17 2.081668171172168513e-17 1.734723475976807094e-17 -1.387778780781445676e-17 -2.775557561562891351e-17 -4.163336342344337027e-17 -2.081668171172168513e-17 3.781685955650426756e-02 -1.387778780781445676e-17 7.920603443376698916e-02 -6.938893903907228378e-18 4.682258670878832602e-02 6.938893903907228378e-18 2.495721057182214916e-03 1.214306433183764966e-17 -6.509335982599611693e-03 9.107298248878237246e-18 1.040834085586084257e-17 1.561251128379126385e-17 2.927345865710861972e-17 -3.469446951953614189e-18 2.081668171172168513e-17 -6.938893903907228378e-18 -1.387778780781445676e-17 -2.428612866367529932e-17 -1.387778780781445676e-17 2.662960094851835741e-02 0.000000000000000000e+00 5.102990832930892617e-02 3.469446951953614189e-18 2.649468390166583726e-02 3.469446951953614189e-18 1.402442968452072281e-03 6.071532165918824830e-18 -1.066781652753209624e-02 5.204170427930421283e-18 -6.759614508223549777e-03 5.204170427930421283e-18 3.469446951953614189e-18 1.214306433183764966e-17 -8.673617379884035472e-19 -6.938893903907228378e-18 2.992397996059992238e-17 2.602085213965210642e-17 3.556183125752454544e-17 1.387778780781445676e-17 3.469446951953614189e-18 2.775557561562891351e-17 -8.673617379884035472e-18 1.857305883518294704e-02 0.000000000000000000e+00 2.592145247046129947e-02 9.540979117872439019e-18 -4.307069752968593901e-03 1.387778780781445676e-17 -1.383035211409226056e-02 3.469446951953614189e-18 -7.455926002843154404e-03 -9.540979117872439019e-18 -9.138224682064452140e-03 -3.469446951953614189e-18 -5.310178632278114881e-03 8.239936510889833698e-18 -5.204170427930421283e-18 1.301042606982605321e-17 -2.211772431870429045e-17 -6.938893903907228378e-18 -7.806255641895631925e-18 -6.938893903907228378e-18 3.469446951953614189e-18 2.949029909160572061e-17 3.816391647148975608e-17 9.042246118529106980e-17 8.673617379884035472e-18 -4.857225732735059864e-17 -8.673617379884035472e-18 1.336731099297939519e-02 0.000000000000000000e+00 1.137856682674066346e-02 1.040834085586084257e-17 -2.263223696808436616e-02 6.938893903907228378e-18 -2.945402643588667518e-02 -3.469446951953614189e-18 -1.007498017416707040e-02 -7.806255641895631925e-18 -6.041995462656756313e-04 -1.192622389734054877e-17 -5.184502179145103820e-03 -3.426078865054194011e-17 -3.819789815702741547e-03 -4.553649124439118623e-18 -1.951563910473907981e-17 1.561251128379126385e-17 -1.821459649775647449e-17 9.757819552369539906e-18 -2.168404344971008868e-18 -1.756407519426517183e-17 -2.081668171172168513e-17 -1.734723475976807094e-18 -1.734723475976807094e-18
-5.204170427930421283e-18 -2.775557561562891351e-17 -2.775557561562891351e-17 -6.938893903907228378e-18 8.218326764846921317e-02 -2.081668171172168513e-17 -2.428612866367529932e-17 -4.163336342344337027e-17 -4.857225732735059864e-17 -3.469446951953614189e-17 -1.387778780781445676e-17 1.264018718330577884e-01 -4.163336342344337027e-17 9.487801635295939340e-02 -1.734723475976807094e-17 3.469446951953614189e-18 -1.387778780781445676e-17 -6.938893903907228378e-17 -8.326672684688674053e-17 -5.551115123125782702e-17 -3.469446951953614189e-17 0.000000000000000000e+00 1.199995866868077687e-01 -1.387778780781445676e-17 1.364828900598364370e-01 6.938893903907228378e-18 5.429962242543517892e-02 1.040834085586084257e-17 1.040834085586084257e-17 6.938893903907228378e-18 -6.938893903907228378e-18 -2.775557561562891351e-17 -4.163336342344337027e-17 -4.163336342344337027e-17 -3.469446951953614189e-17 -2.081668171172168513e-17 -3.469446951953614189e-18 8.440313628202769647e-02 0.000000000000000000e+00 1.094713711507360743e-01 0.000000000000000000e+00 6.569286695118456421e-02 2.775557561562891351e-17 1.459335479751027939e-02 3.469446951953614189e-18 4.662069341687669066e-18 2.775557561562891351e-17 1.647987302177966740e-17 3.469446951953614189e-18 1.387778780781445676e-17 2.775557561562891351e-17 1.387778780781445676e-17 0.000000000000000000e+00 -1.387778780781445676e-17 -1.734723475976807094e-17 3.469446951953614189e-18 4.978690456910374318e-02 6.938893903907228378e-18 5.081965442081155804e-02 3.469446951953614189e-17 2.479151817987255979e-02 3.122502256758252770e-17 8.308214795314475265e-03 -4.770489558936219510e-18 -3.479967996732075824e-03 8.239936510889833698e-18 1.301042606982605321e-18 7.459310946700270506e-17 2.168404344971008868e-18 6.938893903907228378e-18 1.864827736675067626e-17 1.387778780781445676e-17 3.859759734048395785e-17 5.117434254131580929e-17 3.122502256758252770e-17 1.040834085586084257e-17 6.245004513516505540e-17 -5.204170427930421283e-18 -1.734723475976807094e-18 2.814984219598992352e-02 8.673617379884035472e-18 6.725886148128792583e-03 2.255140518769849223e-17 -2.736323125945762380e-02 3.469446951953614189e-17 -2.253379330005540054e-02 -6.938893903907228378e-18 -8.652961927489953575e-03 -7.372574772901430151e-18 -7.867468650836272753e-03 -1.778091562876227272e-17 -4.250072516143177381e-17 4.336808689942017736e-18 -1.474514954580286030e-17 4.597017211338538800e-17 -1.214306433183764966e-17 0.000000000000000000e+00 2.775557561562891351e-17 2.081668171172168513e-17 3.816391647148975608e-17 4.683753385137379155e-17 1.136243876764808647e-16 1.647987302177966740e-17 -5.551115123125782702e-17 -4.336808689942017736e-18 0.000000000000000000e+00 1.653651783571555983e-02 6.938893903907228378e-18 -1.101345449378400218e-02 1.734723475976807094e-17 -4.803315556356489713e-02 0.000000000000000000e+00 -4.524134108863956533e-02 -6.938893903907228378e-18 -1.921320483121539968e-02 -3.209238430557093125e-17 -6.554465802399418381e-03 -3.729655473350135253e-17 -7.533486491376873914e-03 -3.035766082959412415e-18 -2.602085213965210642e-18 5.204170427930421283e-18 -1.183948772354170842e-16 1.821459649775647449e-17 -2.341876692568689577e-17 6.938893903907228378e-18 -2.255140518769849223e-17 -1.734723475976807094e-17 -3.469446951953614189e-18 -6.938893903907228378e-18
