6.083477543305640389e-03 -5.204170427930421283e-18 -9.540979117872439019e-18 1.373391543097264751e-02 -1.040834085586084257e-17 1.373391543606891640e-02 -6.938893903907228378e-18 -2.428612866367529932e-17 -1.387778780781445676e-17 -6.938893903907228378e-18 1.356828828162020932e-02 -5.204170427930421283e-18 2.938948889038694653e-02 -1.040834085586084257e-17 1.356828828649310308e-02 -9.540979117872439019e-18 -2.081668171172168513e-17 -1.734723475976807094e-17 -1.387778780781445676e-17 -1.040834085586084257e-17 -3.469446951953614189e-18 9.865223200450566957e-03 3.469446951953614189e-18 2.549157503508920827e-02 -6.938893903907228378e-18 2.549157502423429061e-02 -1.561251128379126385e-17 9.865223210874686857e-03 -1.127570259384924611e-17 -1.994931997373328159e-17 -1.734723475976807094e-18 -8.673617379884035472e-18 -3.469446951953614189e-18 -1.734723475976807094e-18 -5.204170427930421283e-18 -4.336808689942017736e-18 6.615087045323428568e-03 -8.673617379884035472e-19 1.453598801516372066e-02 4.336808689942017736e-18 1.450537740324895318e-02 -6.071532165918824830e-18 1.453598801078478248e-02 -8.673617379884035472e-18 6.615087054789654114e-03 4.770489558936219510e-18 -6.938893903907228378e-18 -8.673617379884035472e-19 1.040834085586084257e-17 1.301042606982605321e-17
-5.204170427930421283e-18 1.981739297937454292e-02 -1.040834085586084257e-17 -1.561251128379126385e-17 -2.775557561562891351e-17 -6.938893903907228378e-18 2.730220372256203856e-02 -2.775557561562891351e-17 4.312340432135959578e-02 -5.204170427930421283e-18 -1.214306433183764966e-17 -2.775557561562891351e-17 -3.122502256758252770e-17 -4.510281037539698445e-17 -1.908195823574487804e-17 2.343351148357839669e-02 -2.775557561562891351e-17 5.488106391462124756e-02 -2.081668171172168513e-17 3.905986331670942280e-02 3.469446951953614189e-18 -5.204170427930421283e-18 -6.938893903907228378e-18 -1.040834085586084257e-17 -2.428612866367529932e-17 -1.387778780781445676e-17 -3.122502256758252770e-17 -1.561251128379126385e-17 1.648031024728696670e-02 -1.040834085586084257e-17 4.002756303501907309e-02 -1.734723475976807094e-17 3.999695243833815972e-02 3.469446951953614189e-18 2.440121121561428588e-02 -8.673617379884035472e-19 -2.602085213965210642e-18 -5.204170427930421283e-18 -1.734723475976807094e-18 6.938893903907228378e-18 1.214306433183764966e-17 3.469446951953614189e-18 -1.387778780781445676e-17 -2.081668171172168513e-17 -9.540979117872439019e-18 1.115307925914854614e-02 -1.908195823574487804e-17 2.133600880038022396e-02 1.040834085586084257e-17 1.427205939041610236e-02
-9.540979117872439019e-18 -1.040834085586084257e-17 1.981739297306696346e-02 -1.387778780781445676e-17 -1.040834085586084257e-17 -2.428612866367529932e-17 -1.040834085586084257e-17 4.312340432282429914e-02 -1.734723475976807094e-17 2.730220371519412326e-02 -1.214306433183764966e-17 -2.775557561562891351e-17 -4.163336342344337027e-17 -6.938893903907228378e-17 -2.081668171172168513e-17 -1.561251128379126385e-17 3.905986330468207146e-02 -1.734723475976807094e-17 5.488106393327508298e-02 -3.469446951953614189e-18 2.343351147768139853e-02 -1.214306433183764966e-17 -1.387778780781445676e-17 -1.734723475976807094e-17 -1.387778780781445676e-17 -3.122502256758252770e-17 3.469446951953614189e-18 -1.994931997373328159e-17 -8.673617379884035472e-18 2.440121121321115610e-02 -2.081668171172168513e-17 3.999695244046518050e-02 -3.469446951953614189e-18 4.002756305025292893e-02 -3.469446951953614189e-18 1.648031024577400333e-02 -6.938893903907228378e-18 -1.040834085586084257e-17 -1.734723475976807094e-18 5.204170427930421283e-18 1.734723475976807094e-17 5.204170427930421283e-18 3.469446951953614189e-18 -1.214306433183764966e-17 -6.938893903907228378e-18 -7.806255641895631925e-18 1.341510781433981683e-02 -5.204170427930421283e-18 1.430266999795193686e-02 1.040834085586084257e-17
1.373391543097264751e-02 -1.561251128379126385e-17 -1.387778780781445676e-17 3.338568125589848334e-02 -1.040834085586084257e-17 2.938948889038694653e-02 -1.734723475976807094e-17 -4.163336342344337027e-17 -2.081668171172168513e-17 -2.081668171172168513e-17 3.716742691304336654e-02 -6.938893903907228378e-18 6.861497936154505040e-02 -1.734723475976807094e-17 2.549157502423429061e-02 -1.734723475976807094e-18 -3.122502256758252770e-17 -1.387778780781445676e-17 -2.775557561562891351e-17 -4.163336342344337027e-17 -1.734723475976807094e-17 3.004859852739418663e-02 -3.469446951953614189e-18 6.941705194063987894e-02 -2.081668171172168513e-17 5.356524071397637810e-02 -1.734723475976807094e-17 1.453598801078478248e-02 -8.673617379884035472e-19 3.469446951953614189e-18 1.040834085586084257e-17 1.387778780781445676e-17 -1.734723475976807094e-17 -1.734723475976807094e-17 -1.734723475976807094e-17 -1.387778780781445676e-17 2.101830245702745320e-02 0.000000000000000000e+00 4.682758383805395164e-02 0.000000000000000000e+00 3.976363439663455068e-02 0.000000000000000000e+00 2.416789320882664627e-02 -5.204170427930421283e-18 6.800020770386414753e-03 6.071532165918824830e-18 -5.204170427930421283e-18 1.734723475976807094e-18 2.255140518769849223e-17 2.081668171172168513e-17
-1.040834085586084257e-17 -2.775557561562891351e-17 -1.040834085586084257e-17 -1.040834085586084257e-17 6.294079729589124872e-02 -2.775557561562891351e-17 -4.510281037539698445e-17 -5.551115123125782702e-17 -5.551115123125782702e-17 -2.775557561562891351e-17 -3.469446951953614189e-18 8.218326764846921317e-02 -4.857225732735059864e-17 8.218326762750638448e-02 -2.775557561562891351e-17 -3.122502256758252770e-17 -5.551115123125782702e-17 -6.938893903907228378e-17 -4.163336342344337027e-17 -2.775557561562891351e-17 -1.387778780781445676e-17 -6.938893903907228378e-18 6.346107453232371909e-02 -1.387778780781445676e-17 9.487801635295939340e-02 -4.163336342344337027e-17 6.346107451789320675e-02 -1.040834085586084257e-17 -2.081668171172168513e-17 -6.938893903907228378e-18 -2.775557561562891351e-17 -1.387778780781445676e-17 -2.081668171172168513e-17 -1.387778780781445676e-17 -1.387778780781445676e-17 -8.673617379884035472e-18 -1.734723475976807094e-18 3.781631904873873629e-02 3.469446951953614189e-18 5.429962242265315431e-02 1.387778780781445676e-17 5.429962242543517892e-02 -3.469446951953614189e-18 3.781631902755096253e-02 -1.908195823574487804e-17 -1.821459649775647449e-17 1.387778780781445676e-17 -1.040834085586084257e-17 6.938893903907228378e-18 2.949029909160572061e-17
1.373391543606891640e-02 -6.938893903907228378e-18 -2.428612866367529932e-17 2.938948889038694653e-02 -2.775557561562891351e-17 3.338568126586770324e-02 -1.387778780781445676e-17 -6.245004513516505540e-17 -3.122502256758252770e-17 -2.081668171172168513e-17 2.549157503508920480e-02 -2.081668171172168513e-17 6.861497934559387946e-02 -4.857225732735059864e-17 3.716742691619824568e-02 -2.428612866367529932e-17 -6.591949208711866959e-17 -3.469446951953614189e-17 -5.551115123125782702e-17 -1.734723475976807094e-17 -3.469446951953614189e-18 1.453598801516371893e-02 6.938893903907228378e-18 5.356524071995837077e-02 -3.469446951953614189e-17 6.941705192540602309e-02 -2.775557561562891351e-17 3.004859852803314080e-02 -8.673617379884035472e-18 -2.081668171172168513e-17 -1.387778780781445676e-17 0.000000000000000000e+00 -6.938893903907228378e-18 0.000000000000000000e+00 0.000000000000000000e+00 -8.673617379884035472e-19 6.800020787801008826e-03 0.000000000000000000e+00 2.416789319809279496e-02 6.938893903907228378e-18 3.976363440587026010e-02 -3.469446951953614189e-18 4.682758383062150809e-02 -2.428612866367529932e-17 2.101830246198073404e-02 5.204170427930421283e-18 -2.428612866367529932e-17 -1.040834085586084257e-17 1.214306433183764966e-17 2.428612866367529932e-17
-6.938893903907228378e-18 2.730220372256203856e-02 -1.040834085586084257e-17 -1.734723475976807094e-17 -4.510281037539698445e-17 -1.387778780781445676e-17 4.325090445835405584e-02 -4.163336342344337027e-17 5.488106391462123368e-02 -1.040834085586084257e-17 -3.469446951953614189e-18 -2.428612866367529932e-17 -4.163336342344337027e-17 -6.938893903907228378e-17 -2.081668171172168513e-17 4.378251396065301060e-02 -4.857225732735059864e-17 8.315096735637866887e-02 -2.775557561562891351e-17 3.999695243833815972e-02 4.336808689942017736e-18 6.938893903907228378e-18 5.204170427930421283e-18 -1.040834085586084257e-17 -2.081668171172168513e-17 -4.857225732735059864e-17 -5.551115123125782702e-17 -2.428612866367529932e-17 3.458659074272695672e-02 -2.081668171172168513e-17 7.621707272461361593e-02 0.000000000000000000e+00 5.333192268618076187e-02 6.938893903907228378e-18 1.430266998431500500e-02 1.734723475976807094e-18 6.938893903907228378e-18 8.239936510889833698e-18 1.214306433183764966e-17 1.387778780781445676e-17 1.387778780781445676e-17 -3.469446951953614189e-18 -2.081668171172168513e-17 -4.510281037539698445e-17 -1.561251128379126385e-17 2.424857127856742955e-02 -3.816391647148975608e-17 4.981654554137122937e-02 1.040834085586084257e-17 3.325429842327065622e-02
-2.428612866367529932e-17 -2.775557561562891351e-17 4.312340432282429914e-02 -4.163336342344337027e-17 -5.551115123125782702e-17 -6.245004513516505540e-17 -4.163336342344337027e-17 1.020006606005733341e-01 -4.857225732735059864e-17 5.488106393327508992e-02 -1.387778780781445676e-17 -4.163336342344337027e-17 -1.110223024625156540e-16 -6.938893903907228378e-17 -6.591949208711866959e-17 -2.775557561562891351e-17 1.065844788407175059e-01 -6.938893903907228378e-17 1.221802200655522364e-01 -6.938893903907228378e-18 4.002756305025292893e-02 -3.469446951953614189e-18 -2.081668171172168513e-17 -4.857225732735059864e-17 -4.163336342344337027e-17 -3.469446951953614189e-17 -5.551115123125782702e-17 -2.081668171172168513e-17 -2.428612866367529932e-17 7.687618235756291107e-02 -2.775557561562891351e-17 1.091806863509113268e-01 0.000000000000000000e+00 7.773313390472394446e-02 3.469446951953614189e-18 2.133600880296473296e-02 -8.673617379884035472e-19 6.938893903907228378e-18 0.000000000000000000e+00 0.000000000000000000e+00 2.775557561562891351e-17 0.000000000000000000e+00 -6.938893903907228378e-18 6.938893903907228378e-18 -2.428612866367529932e-17 -1.908195823574487804e-17 4.534327297170778065e-02 -2.428612866367529932e-17 5.459030722499352839e-02 1.387778780781445676e-17
-1.387778780781445676e-17 4.312340432135959578e-02 -1.734723475976807094e-17 -2.081668171172168513e-17 -5.551115123125782702e-17 -3.122502256758252770e-17 5.488106391462123368e-02 -4.857225732735059864e-17 1.020006606174435337e-01 -6.938893903907228378e-18 -4.163336342344337027e-17 -4.857225732735059864e-17 -3.469446951953614189e-17 -6.938893903907228378e-17 -1.387778780781445676e-17 4.002756303501907309e-02 -4.857225732735059864e-17 1.221802200755214424e-01 -4.163336342344337027e-17 1.065844788536832594e-01 0.000000000000000000e+00 -1.734723475976807094e-17 -3.469446951953614189e-17 -5.551115123125782702e-17 -6.245004513516505540e-17 -1.387778780781445676e-17 -2.081668171172168513e-17 -1.387778780781445676e-17 2.133600880038022396e-02 0.000000000000000000e+00 7.773313392280302436e-02 6.938893903907228378e-18 1.091806863372744435e-01 0.000000000000000000e+00 7.687618236544814521e-02 -6.938893903907228378e-18 -1.040834085586084257e-17 -1.040834085586084257e-17 0.000000000000000000e+00 1.387778780781445676e-17 1.387778780781445676e-17 0.000000000000000000e+00 -1.734723475976807094e-17 -1.387778780781445676e-17 -2.602085213965210642e-18 9.788982491938691063e-03 -1.214306433183764966e-17 3.107366506317462557e-02 2.081668171172168513e-17 4.225935545381677427e-02
-6.938893903907228378e-18 -5.204170427930421283e-18 2.730220371519412326e-02 -2.081668171172168513e-17 -2.775557561562891351e-17 -2.081668171172168513e-17 -1.040834085586084257e-17 5.488106393327508992e-02 -6.938893903907228378e-18 4.325090445074838280e-02 -2.428612866367529932e-17 -3.469446951953614189e-17 -4.163336342344337027e-17 -1.387778780781445676e-17 -8.673617379884035472e-18 -6.071532165918824830e-18 3.999695244046518050e-02 -2.081668171172168513e-17 8.315096737670875371e-02 -1.387778780781445676e-17 4.378251395836688792e-02 -2.081668171172168513e-17 -2.775557561562891351e-17 -4.163336342344337027e-17 -4.857225732735059864e-17 1.040834085586084257e-17 5.204170427930421283e-18 1.040834085586084257e-17 3.252606517456513302e-18 1.430266999795193686e-02 3.469446951953614189e-18 5.333192268312765549e-02 -1.387778780781445676e-17 7.621707272844088776e-02 -1.387778780781445676e-17 3.458659073864767119e-02 -1.040834085586084257e-17 -2.081668171172168513e-17 -2.081668171172168513e-17 -6.938893903907228378e-18 1.734723475976807094e-17 5.377642775528101993e-17 2.255140518769849223e-17 8.673617379884035472e-18 4.553649124439118623e-18 1.409462824231155764e-18 2.906847995583512062e-04 4.336808689942017736e-18 1.236094426805693820e-02 -1.734723475976807094e-18
1.356828828162020932e-02 -1.214306433183764966e-17 -1.214306433183764966e-17 3.716742691304336654e-02 -3.469446951953614189e-18 2.549157503508920480e-02 -3.469446951953614189e-18 -1.387778780781445676e-17 -4.163336342344337027e-17 -2.428612866367529932e-17 4.986599150167247974e-02 -1.387778780781445676e-17 6.941705194063987894e-02 -6.938893903907228378e-18 1.450537740324895318e-02 1.301042606982605321e-17 1.908195823574487804e-17 -1.734723475976807094e-17 -3.469446951953614189e-17 -2.081668171172168513e-17 -2.775557561562891351e-17 4.832050616962029616e-02 -1.387778780781445676e-17 8.995098816450977641e-02 -1.387778780781445676e-17 3.976363439663455068e-02 1.040834085586084257e-17 -2.333180128328542907e-04 1.084202172485504434e-17 2.878556767949014272e-17 2.081668171172168513e-17 1.734723475976807094e-17 -1.387778780781445676e-17 -2.775557561562891351e-17 -4.163336342344337027e-17 -2.081668171172168513e-17 3.781685955650426756e-02 -1.387778780781445676e-17 7.920603443376698916e-02 -6.938893903907228378e-18 4.682258670878832602e-02 6.938893903907228378e-18 2.495721057182214916e-03 1.214306433183764966e-17 -6.509335982599611693e-03 9.107298248878237246e-18 1.040834085586084257e-17 1.561251128379126385e-17 2.927345865710861972e-17 -3.469446951953614189e-18
-5.204170427930421283e-18 -2.775557561562891351e-17 -2.775557561562891351e-17 -6.938893903907228378e-18 8.218326764846921317e-02 -2.081668171172168513e-17 -2.428612866367529932e-17 -4.163336342344337027e-17 -4.857225732735059864e-17 -3.469446951953614189e-17 -1.387778780781445676e-17 1.264018718330577884e-01 -4.163336342344337027e-17 9.487801635295939340e-02 -1.734723475976807094e-17 3.469446951953614189e-18 -1.387778780781445676e-17 -6.938893903907228378e-17 -8.326672684688674053e-17 -5.551115123125782702e-17 -3.469446951953614189e-17 0.000000000000000000e+00 1.199995866868077687e-01 -1.387778780781445676e-17 1.364828900598364370e-01 6.938893903907228378e-18 5.429962242543517892e-02 1.040834085586084257e-17 1.040834085586084257e-17 6.938893903907228378e-18 -6.938893903907228378e-18 -2.775557561562891351e-17 -4.163336342344337027e-17 -4.163336342344337027e-17 -3.469446951953614189e-17 -2.081668171172168513e-17 -3.469446951953614189e-18 8.440313628202769647e-02 0.000000000000000000e+00 1.094713711507360743e-01 0.000000000000000000e+00 6.569286695118456421e-02 2.775557561562891351e-17 1.459335479751027939e-02 3.469446951953614189e-18 4.662069341687669066e-18 2.775557561562891351e-17 1.647987302177966740e-17 3.469446951953614189e-18 1.387778780781445676e-17
2.938948889038694653e-02 -3.122502256758252770e-17 -4.163336342344337027e-17 6.861497936154505040e-02 -4.857225732735059864e-17 6.861497934559387946e-02 -4.163336342344337027e-17 -1.110223024625156540e-16 -3.469446951953614189e-17 -4.163336342344337027e-17 6.941705194063987894e-02 -4.163336342344337027e-17 1.555659013314199257e-01 -6.938893903907228378e-17 6.941705192540602309e-02 -1.387778780781445676e-17 -3.469446951953614189e-17 -2.775557561562891351e-17 -9.714451465470119729e-17 -5.551115123125782702e-17 -1.734723475976807094e-17 4.682758383805395164e-02 -6.938893903907228378e-18 1.463481132503177962e-01 0.000000000000000000e+00 1.463481132843480470e-01 -3.469446951953614189e-17 4.682758383062150809e-02 -1.040834085586084257e-17 -1.387778780781445676e-17 0.000000000000000000e+00 -1.387778780781445676e-17 -4.163336342344337027e-17 -6.938893903907228378e-18 0.000000000000000000e+00 -6.938893903907228378e-18 2.432497050829080312e-02 3.469446951953614189e-18 8.463890576350907580e-02 -6.938893903907228378e-18 1.116764073944566393e-01 -1.387778780781445676e-17 8.463890575076468692e-02 -2.428612866367529932e-17 2.432497051112993136e-02 1.908195823574487804e-17 -2.428612866367529932e-17 -2.081668171172168513e-17 2.775557561562891351e-17 2.775557561562891351e-17
-1.040834085586084257e-17 -4.510281037539698445e-17 -6.938893903907228378e-17 -1.734723475976807094e-17 8.218326762750638448e-02 -4.857225732735059864e-17 -6.938893903907228378e-17 -6.938893903907228378e-17 -6.938893903907228378e-17 -1.387778780781445676e-17 -6.938893903907228378e-18 9.487801635295939340e-02 -6.938893903907228378e-17 1.264018718137844555e-01 -4.857225732735059864e-17 -5.551115123125782702e-17 -5.551115123125782702e-17 -6.938893903907228378e-17 -4.163336342344337027e-17 -2.081668171172168513e-17 3.469446951953614189e-18 6.938893903907228378e-18 5.429962242265315431e-02 0.000000000000000000e+00 1.364828900635041697e-01 -1.387778780781445676e-17 1.199995866840188052e-01 -2.081668171172168513e-17 -4.510281037539698445e-17 -6.245004513516505540e-17 -5.551115123125782702e-17 -2.775557561562891351e-17 1.387778780781445676e-17 0.000000000000000000e+00 2.081668171172168513e-17 1.301042606982605321e-17 2.818925648462311528e-18 1.459335479777670169e-02 1.387778780781445676e-17 6.569286695112139252e-02 4.163336342344337027e-17 1.094713711504696763e-01 -6.938893903907228378e-18 8.440313628243523159e-02 -3.816391647148975608e-17 -3.469446951953614189e-17 -6.938893903907228378e-18 -4.857225732735059864e-17 -1.387778780781445676e-17 3.469446951953614189e-17
1.356828828649310308e-02 -1.908195823574487804e-17 -2.081668171172168513e-17 2.549157502423429061e-02 -2.775557561562891351e-17 3.716742691619824568e-02 -2.081668171172168513e-17 -6.591949208711866959e-17 -1.387778780781445676e-17 -8.673617379884035472e-18 1.450537740324895318e-02 -1.734723475976807094e-17 6.941705192540602309e-02 -4.857225732735059864e-17 4.986599150280882076e-02 -1.040834085586084257e-17 -2.775557561562891351e-17 -4.163336342344337027e-17 0.000000000000000000e+00 8.673617379884035472e-18 1.387778780781445676e-17 -2.333180308487137113e-04 1.647987302177966740e-17 3.976363440587026704e-02 0.000000000000000000e+00 8.995098815678814752e-02 -2.775557561562891351e-17 4.832050617534679876e-02 -2.081668171172168513e-17 -4.163336342344337027e-17 -2.775557561562891351e-17 -6.938893903907228378e-18 1.387778780781445676e-17 2.602085213965210642e-17 2.065405138584885947e-17 1.084202172485504434e-17 -6.509335974339313866e-03 8.673617379884035472e-18 2.495721065751253191e-03 2.255140518769849223e-17 4.682258670358115105e-02 0.000000000000000000e+00 7.920603443536333721e-02 -4.163336342344337027e-17 3.781685955931365223e-02 -6.938893903907228378e-18 -4.163336342344337027e-17 -4.163336342344337027e-17 3.469446951953614189e-18 1.734723475976807094e-17
-9.540979117872439019e-18 2.343351148357839669e-02 -1.561251128379126385e-17 -1.734723475976807094e-18 -3.122502256758252770e-17 -2.428612866367529932e-17 4.378251396065301060e-02 -2.775557561562891351e-17 4.002756303501907309e-02 -6.071532165918824830e-18 1.301042606982605321e-17 3.469446951953614189e-18 -1.387778780781445676e-17 -5.551115123125782702e-17 -1.040834085586084257e-17 5.440398371750260892e-02 -2.081668171172168513e-17 7.621707272461361593e-02 -6.938893903907228378e-18 1.427205939041610409e-02 6.938893903907228378e-18 1.301042606982605321e-17 2.406928822917819843e-17 2.428612866367529932e-17 0.000000000000000000e+00 -2.775557561562891351e-17 -5.551115123125782702e-17 -1.734723475976807094e-17 5.155077499193352897e-02 -3.469446951953614189e-17 9.293994986753785492e-02 0.000000000000000000e+00 3.325429842327065622e-02 1.604619215278546562e-17 -1.204026695385547810e-02 1.734723475976807094e-18 4.336808689942017736e-18 1.214306433183764966e-17 2.428612866367529932e-17 2.949029909160572061e-17 1.734723475976807094e-17 -1.387778780781445676e-17 -4.163336342344337027e-17 -6.245004513516505540e-17 -2.081668171172168513e-17 4.019788923797160130e-02 -3.469446951953614189e-17 8.041939721169825972e-02 -6.938893903907228378e-18 4.006297219535760734e-02
-2.081668171172168513e-17 -2.775557561562891351e-17 3.905986330468207146e-02 -3.122502256758252770e-17 -5.551115123125782702e-17 -6.591949208711866959e-17 -4.857225732735059864e-17 1.065844788407175059e-01 -4.857225732735059864e-17 3.999695244046518050e-02 1.908195823574487804e-17 -1.387778780781445676e-17 -3.469446951953614189e-17 -5.551115123125782702e-17 -2.775557561562891351e-17 -2.081668171172168513e-17 1.398169796582969804e-01 -1.387778780781445676e-17 1.091806863509113268e-01 1.040834085586084257e-17 1.427205937240022711e-02 2.385244779468109755e-17 3.122502256758252770e-17 3.469446951953614189e-17 -4.163336342344337027e-17 -4.163336342344337027e-17 0.000000000000000000e+00 -4.163336342344337027e-17 -4.163336342344337027e-17 1.275265406088910702e-01 -1.387778780781445676e-17 1.367735748630625192e-01 3.469446951953614189e-17 4.225935546905058848e-02 2.471980953266950110e-17 -6.742654005188029528e-03 1.734723475976807094e-17 3.816391647148975608e-17 4.423544863740858091e-17 2.081668171172168513e-17 2.775557561562891351e-17 1.387778780781445676e-17 -1.387778780781445676e-17 -6.245004513516505540e-17 -4.163336342344337027e-17 -3.469446951953614189e-17 8.884676787468243075e-02 -2.775557561562891351e-17 1.057007183541792406e-01 2.775557561562891351e-17
-1.734723475976807094e-17 5.488106391462124756e-02 -1.734723475976807094e-17 -1.387778780781445676e-17 -6.938893903907228378e-17 -3.469446951953614189e-17 8.315096735637866887e-02 -6.938893903907228378e-17 1.221802200755214424e-01 -2.081668171172168513e-17 -1.734723475976807094e-17 -6.938893903907228378e-17 -2.775557561562891351e-17 -6.938893903907228378e-17 -4.163336342344337027e-17 7.621707272461361593e-02 -1.387778780781445676e-17 1.797337945402465442e-01 -1.387778780781445676e-17 1.091806863372744296e-01 0.000000000000000000e+00 1.040834085586084257e-17 1.387778780781445676e-17 -4.163336342344337027e-17 -4.163336342344337027e-17 -2.775557561562891351e-17 -5.551115123125782702e-17 -2.081668171172168513e-17 4.981654554137122937e-02 -1.387778780781445676e-17 1.532538851085372689e-01 1.387778780781445676e-17 1.488438343075000059e-01 -6.938893903907228378e-18 5.459030723611487529e-02 6.938893903907228378e-18 1.734723475976807094e-17 2.255140518769849223e-17 1.387778780781445676e-17 1.387778780781445676e-17 -1.387778780781445676e-17 -1.387778780781445676e-17 -4.857225732735059864e-17 -4.857225732735059864e-17 -3.469446951953614189e-18 2.553833328746486775e-02 -3.469446951953614189e-17 8.540624516798468735e-02 6.938893903907228378e-18 1.010085908998577531e-01
-1.387778780781445676e-17 -2.081668171172168513e-17 5.488106393327508298e-02 -2.775557561562891351e-17 -4.163336342344337027e-17 -5.551115123125782702e-17 -2.775557561562891351e-17 1.221802200655522364e-01 -4.163336342344337027e-17 8.315096737670875371e-02 -3.469446951953614189e-17 -8.326672684688674053e-17 -9.714451465470119729e-17 -4.163336342344337027e-17 0.000000000000000000e+00 -6.938893903907228378e-18 1.091806863509113268e-01 -1.387778780781445676e-17 1.797337945161854300e-01 -1.387778780781445676e-17 7.621707272844088776e-02 -2.081668171172168513e-17 -4.163336342344337027e-17 -4.163336342344337027e-17 -4.163336342344337027e-17 0.000000000000000000e+00 0.000000000000000000e+00 1.214306433183764966e-17 3.469446951953614189e-18 5.459030722499352839e-02 -1.387778780781445676e-17 1.488438343278933318e-01 0.000000000000000000e+00 1.532538851091029830e-01 -1.387778780781445676e-17 4.981654554338001140e-02 -3.469446951953614189e-18 0.000000000000000000e+00 -2.081668171172168513e-17 -2.775557561562891351e-17 1.387778780781445676e-17 6.938893903907228378e-18 2.775557561562891351e-17 2.775557561562891351e-17 8.673617379884035472e-18 3.089976191583687637e-18 1.082270200121986103e-02 -3.469446951953614189e-18 6.164013747844210300e-02 -1.387778780781445676e-17
-1.040834085586084257e-17 3.905986331670942280e-02 -3.469446951953614189e-18 -4.163336342344337027e-17 -2.775557561562891351e-17 -1.734723475976807094e-17 3.999695243833815972e-02 -6.938893903907228378e-18 1.065844788536832594e-01 -1.387778780781445676e-17 -2.081668171172168513e-17 -5.551115123125782702e-17 -5.551115123125782702e-17 -2.081668171172168513e-17 8.673617379884035472e-18 1.427205939041610409e-02 1.040834085586084257e-17 1.091806863372744296e-01 -1.387778780781445676e-17 1.398169796661822561e-01 -1.387778780781445676e-17 -3.469446951953614189e-17 -5.551115123125782702e-17 -2.775557561562891351e-17 -4.163336342344337027e-17 1.387778780781445676e-17 2.602085213965210642e-17 2.255140518769849223e-17 -6.742654004593025448e-03 2.818925648462311528e-17 4.225935545381677427e-02 1.387778780781445676e-17 1.367735748732981094e-01 -2.775557561562891351e-17 1.275265406033872784e-01 -2.081668171172168513e-17 -2.428612866367529932e-17 -4.163336342344337027e-17 -4.163336342344337027e-17 -2.775557561562891351e-17 -6.938893903907228378e-18 2.428612866367529932e-17 2.428612866367529932e-17 3.556183125752454544e-17 1.821459649775647449e-17 -1.326895049082316320e-02 8.673617379884035472e-18 -8.172095448400376605e-03 2.862293735361731706e-17 4.822502967724044687e-02
-3.469446951953614189e-18 3.469446951953614189e-18 2.343351147768139853e-02 -1.734723475976807094e-17 -1.387778780781445676e-17 -3.469446951953614189e-18 4.336808689942017736e-18 4.002756305025292893e-02 0.000000000000000000e+00 4.378251395836688792e-02 -2.775557561562891351e-17 -3.469446951953614189e-17 -1.734723475976807094e-17 3.469446951953614189e-18 1.387778780781445676e-17 6.938893903907228378e-18 1.427205937240022711e-02 0.000000000000000000e+00 7.621707272844088776e-02 -1.387778780781445676e-17 5.440398371292590879e-02 -3.469446951953614189e-17 -2.775557561562891351e-17 -3.469446951953614189e-17 -6.938893903907228378e-18 2.775557561562891351e-17 2.493664996716660198e-17 1.604619215278546562e-17 1.040834085586084257e-17 -1.204026695360256236e-02 1.040834085586084257e-17 3.325429842229519345e-02 -6.938893903907228378e-18 9.293994986983583617e-02 -2.081668171172168513e-17 5.155077498747683007e-02 -2.775557561562891351e-17 -3.469446951953614189e-17 -3.469446951953614189e-17 -2.775557561562891351e-17 1.734723475976807094e-17 3.122502256758252770e-17 3.469446951953614189e-17 1.387778780781445676e-17 7.806255641895631925e-18 4.336808689942017736e-18 -1.746783729791848150e-02 1.561251128379126385e-17 -8.462780242422640598e-03 8.673617379884035472e-19
9.865223200450566957e-03 -5.204170427930421283e-18 -1.214306433183764966e-17 3.004859852739418663e-02 -6.938893903907228378e-18 1.453598801516371893e-02 6.938893903907228378e-18 -3.469446951953614189e-18 -1.734723475976807094e-17 -2.081668171172168513e-17 4.832050616962029616e-02 0.000000000000000000e+00 4.682758383805395164e-02 6.938893903907228378e-18 -2.333180308487137113e-04 1.301042606982605321e-17 2.385244779468109755e-17 1.040834085586084257e-17 -2.081668171172168513e-17 -3.469446951953614189e-17 -3.469446951953614189e-17 5.763425253078252597e-02 -2.081668171172168513e-17 7.920603443376698916e-02 6.938893903907228378e-18 7.762723398060926254e-03 1.040834085586084257e-17 -1.180694893040976252e-02 7.806255641895631925e-18 2.428612866367529932e-17 2.949029909160572061e-17 3.295974604355933479e-17 -6.938893903907228378e-18 -3.469446951953614189e-17 -2.775557561562891351e-17 -3.469446951953614189e-17 5.393180466111126281e-02 -1.387778780781445676e-17 9.415331265576476483e-02 0.000000000000000000e+00 2.649468390166583726e-02 1.040834085586084257e-17 -2.299876825320741267e-02 1.387778780781445676e-17 -1.095850131377778224e-02 -3.469446951953614189e-18 3.469446951953614189e-18 6.938893903907228378e-18 3.642919299551294898e-17 2.602085213965210642e-17
3.469446951953614189e-18 -6.938893903907228378e-18 -1.387778780781445676e-17 -3.469446951953614189e-18 6.346107453232371909e-02 6.938893903907228378e-18 5.204170427930421283e-18 -2.081668171172168513e-17 -3.469446951953614189e-17 -2.775557561562891351e-17 -1.387778780781445676e-17 1.199995866868077687e-01 -6.938893903907228378e-18 5.429962242265315431e-02 1.647987302177966740e-17 2.406928822917819843e-17 3.122502256758252770e-17 1.387778780781445676e-17 -4.163336342344337027e-17 -5.551115123125782702e-17 -2.775557561562891351e-17 -2.081668171172168513e-17 1.473439335827617658e-01 -2.775557561562891351e-17 1.094713711507360743e-01 2.775557561562891351e-17 2.231792418797668657e-03 2.255140518769849223e-17 2.602085213965210642e-17 2.949029909160572061e-17 4.510281037539698445e-17 2.775557561562891351e-17 -1.387778780781445676e-17 -5.551115123125782702e-17 -5.551115123125782702e-17 -4.163336342344337027e-17 -1.387778780781445676e-17 1.319701722071726924e-01 -2.775557561562891351e-17 1.330029220579948546e-01 2.081668171172168513e-17 2.479151817987255979e-02 4.163336342344337027e-17 -2.950810425152104732e-02 8.673617379884035472e-18 1.214306433183764966e-17 2.081668171172168513e-17 3.989863994746656317e-17 1.387778780781445676e-17 1.734723475976807094e-17
2.549157503508920827e-02 -1.040834085586084257e-17 -1.734723475976807094e-17 6.941705194063987894e-02 -1.387778780781445676e-17 5.356524071995837077e-02 -1.040834085586084257e-17 -4.857225732735059864e-17 -5.551115123125782702e-17 -4.163336342344337027e-17 8.995098816450977641e-02 -1.387778780781445676e-17 1.463481132503177962e-01 0.000000000000000000e+00 3.976363440587026704e-02 2.428612866367529932e-17 3.469446951953614189e-17 -4.163336342344337027e-17 -4.163336342344337027e-17 -2.775557561562891351e-17 -3.469446951953614189e-17 7.920603443376698916e-02 -2.775557561562891351e-17 1.866395663749706169e-01 0.000000000000000000e+00 1.116764073944566393e-01 1.040834085586084257e-17 7.762723392110031963e-03 2.602085213965210642e-17 5.377642775528101993e-17 2.775557561562891351e-17 2.775557561562891351e-17 -5.551115123125782702e-17 -5.551115123125782702e-17 -5.551115123125782702e-17 -1.387778780781445676e-17 5.102990832930892617e-02 -6.938893903907228378e-18 1.540212245050531226e-01 0.000000000000000000e+00 1.381760178191763777e-01 -2.081668171172168513e-17 3.159153895509828058e-02 2.645453300864630819e-17 -1.350226851281657869e-02 2.775557561562891351e-17 3.122502256758252770e-17 3.122502256758252770e-17 4.510281037539698445e-17 -6.938893903907228378e-18
-6.938893903907228378e-18 -2.428612866367529932e-17 -1.387778780781445676e-17 -2.081668171172168513e-17 9.487801635295939340e-02 -3.469446951953614189e-17 -2.081668171172168513e-17 -4.163336342344337027e-17 -6.245004513516505540e-17 -4.857225732735059864e-17 -1.387778780781445676e-17 1.364828900598364370e-01 0.000000000000000000e+00 1.364828900635041697e-01 0.000000000000000000e+00 0.000000000000000000e+00 -4.163336342344337027e-17 -4.163336342344337027e-17 -4.163336342344337027e-17 -4.163336342344337027e-17 -6.938893903907228378e-18 6.938893903907228378e-18 1.094713711507360743e-01 0.000000000000000000e+00 1.920947387842423526e-01 1.387778780781445676e-17 1.094713711504696763e-01 1.040834085586084257e-17 5.204170427930421283e-18 -1.387778780781445676e-17 -1.387778780781445676e-17 -4.163336342344337027e-17 -2.775557561562891351e-17 -2.775557561562891351e-17 6.938893903907228378e-18 1.387778780781445676e-17 7.806255641895631925e-18 5.081965442081155804e-02 0.000000000000000000e+00 1.447911048666803424e-01 1.387778780781445676e-17 1.447911048551508983e-01 6.938893903907228378e-18 5.081965442870310656e-02 1.734723475976807094e-18 9.757819552369539906e-18 3.122502256758252770e-17 -3.469446951953614189e-18 -2.775557561562891351e-17 -2.081668171172168513e-17
2.549157502423429061e-02 -1.387778780781445676e-17 -3.122502256758252770e-17 5.356524071397637810e-02 -4.163336342344337027e-17 6.941705192540602309e-02 -4.857225732735059864e-17 -3.469446951953614189e-17 -1.387778780781445676e-17 1.040834085586084257e-17 3.976363439663455068e-02 6.938893903907228378e-18 1.463481132843480470e-01 -1.387778780781445676e-17 8.995098815678814752e-02 -2.775557561562891351e-17 -4.163336342344337027e-17 -2.775557561562891351e-17 0.000000000000000000e+00 1.387778780781445676e-17 2.775557561562891351e-17 7.762723398060926254e-03 2.775557561562891351e-17 1.116764073944566393e-01 1.387778780781445676e-17 1.866395663631781332e-01 -2.775557561562891351e-17 7.920603443536333721e-02 -4.163336342344337027e-17 -2.775557561562891351e-17 -1.387778780781445676e-17 -2.775557561562891351e-17 -1.387778780781445676e-17 4.857225732735059864e-17 4.510281037539698445e-17 3.209238430557093125e-17 -1.350226852581739440e-02 2.645453300864630819e-17 3.159153895955348068e-02 3.469446951953614189e-17 1.381760178142744933e-01 0.000000000000000000e+00 1.540212245257572277e-01 -4.163336342344337027e-17 5.102990831770615882e-02 1.387778780781445676e-17 -4.163336342344337027e-17 -6.245004513516505540e-17 -1.387778780781445676e-17 0.000000000000000000e+00
-1.561251128379126385e-17 -3.122502256758252770e-17 3.469446951953614189e-18 -1.734723475976807094e-17 6.346107451789320675e-02 -2.775557561562891351e-17 -5.551115123125782702e-17 -5.551115123125782702e-17 -2.081668171172168513e-17 5.204170427930421283e-18 1.040834085586084257e-17 5.429962242543517892e-02 -3.469446951953614189e-17 1.199995866840188052e-01 -2.775557561562891351e-17 -5.551115123125782702e-17 0.000000000000000000e+00 -5.551115123125782702e-17 0.000000000000000000e+00 2.602085213965210642e-17 2.493664996716660198e-17 1.040834085586084257e-17 2.231792418797668657e-03 1.040834085586084257e-17 1.094713711504696763e-01 -2.775557561562891351e-17 1.473439335831692731e-01 -3.469446951953614189e-17 -6.245004513516505540e-17 -4.163336342344337027e-17 -9.714451465470119729e-17 1.387778780781445676e-17 3.469446951953614189e-17 3.816391647148975608e-17 3.989863994746656317e-17 1.908195823574487804e-17 1.734723475976807094e-18 -2.950810424556258790e-02 2.602085213965210642e-17 2.479151817113211045e-02 2.775557561562891351e-17 1.330029220667721113e-01 -2.775557561562891351e-17 1.319701722011382694e-01 -3.469446951953614189e-17 -4.857225732735059864e-17 -2.081668171172168513e-17 -8.326672684688674053e-17 -2.081668171172168513e-17 1.387778780781445676e-17
9.865223210874686857e-03 -1.561251128379126385e-17 -1.994931997373328159e-17 1.453598801078478248e-02 -1.040834085586084257e-17 3.004859852803314080e-02 -2.428612866367529932e-17 -2.081668171172168513e-17 -1.387778780781445676e-17 1.040834085586084257e-17 -2.333180128328542907e-04 1.040834085586084257e-17 4.682758383062150809e-02 -2.081668171172168513e-17 4.832050617534679876e-02 -1.734723475976807094e-17 -4.163336342344337027e-17 -2.081668171172168513e-17 1.214306433183764966e-17 2.255140518769849223e-17 1.604619215278546562e-17 -1.180694893040976252e-02 2.255140518769849223e-17 7.762723392110031963e-03 1.040834085586084257e-17 7.920603443536333721e-02 -3.469446951953614189e-17 5.763425253408931137e-02 -3.469446951953614189e-17 -5.551115123125782702e-17 -3.469446951953614189e-17 3.469446951953614189e-18 2.949029909160572061e-17 3.469446951953614189e-17 1.561251128379126385e-17 8.673617379884035472e-18 -1.095850131169973617e-02 1.040834085586084257e-17 -2.299876826763326207e-02 2.688821387764050996e-17 2.649468391504710557e-02 -6.938893903907228378e-18 9.415331264387279131e-02 -6.245004513516505540e-17 5.393180467059144334e-02 -2.428612866367529932e-17 -5.551115123125782702e-17 -5.551115123125782702e-17 -1.387778780781445676e-17 2.428612866367529932e-17
-1.127570259384924611e-17 1.648031024728696670e-02 -8.673617379884035472e-18 -8.673617379884035472e-19 -2.081668171172168513e-17 -8.673617379884035472e-18 3.458659074272695672e-02 -2.428612866367529932e-17 2.133600880038022396e-02 3.252606517456513302e-18 1.084202172485504434e-17 1.040834085586084257e-17 -1.040834085586084257e-17 -4.510281037539698445e-17 -2.081668171172168513e-17 5.155077499193352897e-02 -4.163336342344337027e-17 4.981654554137122937e-02 3.469446951953614189e-18 -6.742654004593025448e-03 1.040834085586084257e-17 7.806255641895631925e-18 2.602085213965210642e-17 2.602085213965210642e-17 5.204170427930421283e-18 -4.163336342344337027e-17 -6.245004513516505540e-17 -3.469446951953614189e-17 6.001528221274724656e-02 -6.245004513516505540e-17 8.041939721169825972e-02 -3.469446951953614189e-18 1.003108883886482186e-03 1.908195823574487804e-17 -2.276545024418754476e-02 1.734723475976807094e-18 -6.071532165918824830e-18 3.469446951953614189e-18 2.255140518769849223e-17 4.163336342344337027e-17 2.168404344971008868e-17 -1.387778780781445676e-17 -5.551115123125782702e-17 -9.714451465470119729e-17 -3.816391647148975608e-17 5.574048575839379155e-02 -6.245004513516505540e-17 9.453643182113390109e-02 -1.387778780781445676e-17 2.118450528276898809e-02
-1.994931997373328159e-17 -1.040834085586084257e-17 2.440121121321115610e-02 3.469446951953614189e-18 -6.938893903907228378e-18 -2.081668171172168513e-17 -2.081668171172168513e-17 7.687618235756291107e-02 0.000000000000000000e+00 1.430266999795193686e-02 2.878556767949014272e-17 6.938893903907228378e-18 -1.387778780781445676e-17 -6.245004513516505540e-17 -4.163336342344337027e-17 -3.469446951953614189e-17 1.275265406088910702e-01 -1.387778780781445676e-17 5.459030722499352839e-02 2.818925648462311528e-17 -1.204026695360256236e-02 2.428612866367529932e-17 2.949029909160572061e-17 5.377642775528101993e-17 -1.387778780781445676e-17 -2.775557561562891351e-17 -4.163336342344337027e-17 -5.551115123125782702e-17 -6.245004513516505540e-17 1.517875651754164723e-01 -2.775557561562891351e-17 1.057007183541792544e-01 3.469446951953614189e-17 -1.523604487912081848e-02 2.775557561562891351e-17 -2.276545024037456011e-02 3.469446951953614189e-18 1.387778780781445676e-17 5.204170427930421283e-17 3.729655473350135253e-17 3.816391647148975608e-17 -2.081668171172168513e-17 -8.326672684688674053e-17 -8.326672684688674053e-17 -5.551115123125782702e-17 -4.857225732735059864e-17 1.347343210562799154e-01 -8.326672684688674053e-17 1.289061062122262569e-01 2.081668171172168513e-17
-1.734723475976807094e-18 4.002756303501907309e-02 -2.081668171172168513e-17 1.040834085586084257e-17 -2.775557561562891351e-17 -1.387778780781445676e-17 7.621707272461361593e-02 -2.775557561562891351e-17 7.773313392280302436e-02 3.469446951953614189e-18 2.081668171172168513e-17 -6.938893903907228378e-18 0.000000000000000000e+00 -5.551115123125782702e-17 -2.775557561562891351e-17 9.293994986753785492e-02 -1.387778780781445676e-17 1.532538851085372689e-01 -1.387778780781445676e-17 4.225935545381677427e-02 1.040834085586084257e-17 2.949029909160572061e-17 4.510281037539698445e-17 2.775557561562891351e-17 -1.387778780781445676e-17 -1.387778780781445676e-17 -9.714451465470119729e-17 -3.469446951953614189e-17 8.041939721169825972e-02 -2.775557561562891351e-17 1.874069057803980920e-01 -2.775557561562891351e-17 1.010085908998577531e-01 2.428612866367529932e-17 -1.523604487382772960e-02 8.673617379884035472e-18 1.734723475976807094e-17 3.816391647148975608e-17 4.943961906533900219e-17 4.510281037539698445e-17 0.000000000000000000e+00 -2.775557561562891351e-17 -2.775557561562891351e-17 -8.326672684688674053e-17 -1.387778780781445676e-17 5.141302749496726859e-02 -4.163336342344337027e-17 1.531546774864007976e-01 -2.775557561562891351e-17 1.290377931472865281e-01
