6.294079729589133199e-02 -8.218326763718331041e-02 -8.218326763806901858e-02 6.346107453232374684e-02 9.487801635295942115e-02 6.346107453238691853e-02 -3.781631904683550871e-02 -5.429962242543517198e-02 -5.429962242265315431e-02 -3.781631904873873629e-02 2.094206174970396350e-02 1.459335479777669128e-02 2.231792418797644804e-03 1.459335479751026898e-02 2.094206175004829570e-02 -1.197058551711951621e-02 3.479967996732093172e-03 2.950810425152105773e-02 2.950810424556260525e-02 3.479968001841603209e-03
-8.218326763718331041e-02 1.264018718331210434e-01 9.487801635295942115e-02 -5.429962242265315431e-02 -1.364828900635042253e-01 -1.199995866840188469e-01 8.440313628243524546e-02 1.094713711504696901e-01 6.569286695112137864e-02 1.459335479777669128e-02 3.479968001841603209e-03 -8.308214803176134505e-03 -2.479151817113208617e-02 -5.081965442870309269e-02 -4.978690456395497982e-02 2.814984219743716862e-02 6.725886146673971944e-03 -2.736323125326096256e-02 -2.253379330573711953e-02 -8.652961923049099641e-03
-8.218326763806901858e-02 9.487801635295942115e-02 1.264018718330578717e-01 -1.199995866868077826e-01 -1.364828900598364370e-01 -5.429962242543517198e-02 1.459335479751026898e-02 6.569286695118457808e-02 1.094713711507361020e-01 8.440313628202769647e-02 -4.978690456623798694e-02 -5.081965442493491941e-02 -2.479151817987254591e-02 -8.308214795314447509e-03 3.479967996732093172e-03 -7.867468650836267549e-03 -8.652961927489988270e-03 -2.253379330574259778e-02 -2.736323125327520811e-02 6.725886142398843082e-03
6.346107453232374684e-02 -5.429962242265315431e-02 -1.199995866868077826e-01 1.473439335827618768e-01 1.094713711507361020e-01 2.231792418797644804e-03 2.950810425152105773e-02 -2.479151817987254591e-02 -1.330029220579948546e-01 -1.319701722038757463e-01 9.161091673290973347e-02 1.016039024944959263e-01 3.609784327973572515e-02 -2.253379330574259778e-02 -2.959502367753831520e-02 1.852505131951889816e-02 1.921320483831925885e-02 7.425022040972395487e-03 -6.266466860577302178e-03 -4.328616793024070430e-02
9.487801635295942115e-02 -1.364828900635042253e-01 -1.364828900598364370e-01 1.094713711507361020e-01 1.920947387842424359e-01 1.094713711504696901e-01 -5.081965442870309269e-02 -1.447911048551508983e-01 -1.447911048666803424e-01 -5.081965442493491941e-02 6.725886142398843082e-03 5.703990503081468599e-02 8.693757784214715956e-02 5.703990503083725822e-02 6.725886146673971944e-03 1.101345448810894453e-02 -1.753749001837149116e-03 -5.578313337285513429e-03 -5.578313336295345412e-03 -1.753749002673088073e-03
6.346107453238691853e-02 -1.199995866840188469e-01 -5.429962242543517198e-02 2.231792418797644804e-03 1.094713711504696901e-01 1.473439335831694119e-01 -1.319701722011383527e-01 -1.330029220667721113e-01 -2.479151817113208617e-02 2.950810424556260525e-02 -2.959502367412935459e-02 -2.253379330573711953e-02 3.609784327974870088e-02 1.016039024996334555e-01 9.161091672982402123e-02 -5.435283687933739616e-02 -4.328616793732621704e-02 -6.266466859829539215e-03 7.425022040225718462e-03 1.921320483894875530e-02
-3.781631904683550871e-02 8.440313628243524546e-02 1.459335479751026898e-02 2.950810425152105773e-02 -5.081965442870309269e-02 -1.319701722011383527e-01 1.545517140305582293e-01 1.016039024996334555e-01 -2.736323125326095909e-02 -3.712714810152979716e-02 1.573323683985899946e-02 4.524134108797219639e-02 -6.266466859829537481e-03 -1.254694355753952495e-01 -1.365361045165206511e-01 9.463547644737455022e-02 9.549296400078577385e-02 2.697176486075422361e-02 -1.880517138162846047e-02 -1.724697965226343332e-02
-5.429962242543517198e-02 1.094713711504696901e-01 6.569286695118457808e-02 -2.479151817987254591e-02 -1.447911048551508983e-01 -1.330029220667721113e-01 1.016039024996334555e-01 1.834417768647891855e-01 8.693757784214715956e-02 -2.736323125327520811e-02 4.803315556356490407e-02 -5.578313336295345412e-03 -1.255779000226698028e-01 -1.382366390634613418e-01 -4.328616793732621704e-02 6.149476486886733262e-04 5.512160706068346128e-02 8.279873111283880815e-02 3.979292537856549822e-02 -2.667264003499245084e-02
-5.429962242265315431e-02 6.569286695112137864e-02 1.094713711507361020e-01 -1.330029220579948546e-01 -1.447911048666803424e-01 -2.479151817113208617e-02 -2.736323125326095909e-02 8.693757784214715956e-02 1.834417768647679525e-01 1.016039024944959263e-01 -4.328616793024071124e-02 -1.382366390644529930e-01 -1.255779000215620222e-01 -5.578313337285513429e-03 4.803315556419516380e-02 -3.872110209310956896e-02 -2.667264003505100817e-02 3.979292537857380407e-02 8.279873111289183518e-02 5.512160706058689963e-02
-3.781631904873873629e-02 1.459335479777669128e-02 8.440313628202769647e-02 -1.319701722038757463e-01 -5.081965442493491941e-02 2.950810424556260525e-02 -3.712714810152979716e-02 -2.736323125327520811e-02 1.016039024944959263e-01 1.545517140338520390e-01 -1.365361045210997659e-01 -1.254694355678401818e-01 -6.266466860577302178e-03 4.524134108863957920e-02 1.573323683943481099e-02 3.728621924108664262e-03 -1.724697965224919818e-02 -1.880517138160409454e-02 2.697176486068814799e-02 9.549296400087695091e-02
2.094206174970396350e-02 3.479968001841603209e-03 -4.978690456623798694e-02 9.161091673290973347e-02 6.725886142398843082e-03 -2.959502367412935459e-02 1.573323683985899946e-02 4.803315556356490407e-02 -4.328616793024071124e-02 -1.365361045210997659e-01 1.575762737532160895e-01 9.549296400087695091e-02 -3.648930967232283384e-02 -3.339852617739128698e-02 1.234804402186592126e-02 -2.277246274035063522e-02 -7.039225901589203985e-03 3.385853162422070711e-02 -2.773541166901899446e-03 -1.207599319872846994e-01
1.459335479777669128e-02 -8.308214803176134505e-03 -5.081965442493491941e-02 1.016039024944959263e-01 5.703990503081468599e-02 -2.253379330573711953e-02 4.524134108797219639e-02 -5.578313336295345412e-03 -1.382366390644529930e-01 -1.254694355678401818e-01 9.549296400087695091e-02 1.815234788945402078e-01 8.279873111289183518e-02 -4.461021090552440282e-02 -3.339852617742114504e-02 4.350427374378015161e-03 4.099392966370351415e-02 -9.825724763281980245e-03 -1.294272229912866723e-01 -1.393096456880016376e-01
2.231792418797644804e-03 -2.479151817113208617e-02 -2.479151817987254591e-02 3.609784327973572515e-02 8.693757784214715956e-02 3.609784327974870088e-02 -6.266466859829537481e-03 -1.255779000226698028e-01 -1.255779000215620222e-01 -6.266466860577302178e-03 -3.648930967232283384e-02 8.279873111289183518e-02 1.871368589636061008e-01 8.279873111283880815e-02 -3.648930967225543637e-02 5.152608125843374104e-02 -9.427636307957443923e-03 -1.417958969648632217e-01 -1.417958969671576919e-01 -9.427636306019998927e-03
1.459335479751026898e-02 -5.081965442870309269e-02 -8.308214795314447509e-03 -2.253379330574259778e-02 5.703990503083725822e-02 1.016039024996334555e-01 -1.254694355753952495e-01 -1.382366390634613418e-01 -5.578313337285513429e-03 4.524134108863957920e-02 -3.339852617739128698e-02 -4.461021090552440282e-02 8.279873111283880815e-02 1.815234788946354649e-01 9.549296400078577385e-02 -3.857666435075896710e-02 -1.393096456862625843e-01 -1.294272229933417506e-01 -9.825724761231413931e-03 4.099392966197569488e-02
2.094206175004829570e-02 -4.978690456395497982e-02 3.479967996732093172e-03 -2.959502367753831520e-02 6.725886146673971944e-03 9.161091672982402123e-02 -1.365361045165206511e-01 -4.328616793732621704e-02 4.803315556419516380e-02 1.573323683943481099e-02 1.234804402186592126e-02 -3.339852617742114504e-02 -3.648930967225543637e-02 9.549296400078577385e-02 1.575762737481086473e-01 -1.386177630876716527e-01 -1.207599319883967542e-01 -2.773541165590947665e-03 3.385853162291541790e-02 -7.039225900491634033e-03
-1.197058551711951621e-02 2.814984219743716862e-02 -7.867468650836267549e-03 1.852505131951889816e-02 1.101345448810894453e-02 -5.435283687933739616e-02 9.463547644737455022e-02 6.149476486886733262e-04 -3.872110209310956896e-02 3.728621924108664262e-03 -2.277246274035063522e-02 4.350427374378015161e-03 5.152608125843374104e-02 -3.857666435075896710e-02 -1.386177630876716527e-01 1.590564446253463493e-01 9.191192811098466975e-02 -3.707631844529883647e-02 -2.186242648279849293e-02 2.915725020284025762e-02
3.479967996732093172e-03 6.725886146673971944e-03 -8.652961927489988270e-03 1.921320483831925885e-02 -1.753749001837149116e-03 -4.328616793732621704e-02 9.549296400078577385e-02 5.512160706068346128e-02 -2.667264003505100817e-02 -1.724697965224919818e-02 -7.039225901589203985e-03 4.099392966370351415e-02 -9.427636307957443923e-03 -1.393096456862625843e-01 -1.207599319883967542e-01 9.191192811098466975e-02 1.839610298410048472e-01 8.822389231377997243e-02 -3.692708314354451599e-02 -1.340610870659678447e-02
2.950810425152105773e-02 -2.736323125326096256e-02 -2.253379330574259778e-02 7.425022040972395487e-03 -5.578313337285513429e-03 -6.266466859829539215e-03 2.697176486075422361e-02 8.279873111283880815e-02 3.979292537857380407e-02 -1.880517138160409454e-02 3.385853162422070711e-02 -9.825724763281980245e-03 -1.417958969648632217e-01 -1.294272229933417506e-01 -2.773541165590947665e-03 -3.707631844529883647e-02 8.822389231377997243e-02 2.020277671744266090e-01 9.492367993026934458e-02 -3.692708314365301947e-02
2.950810424556260525e-02 -2.253379330573711953e-02 -2.736323125327520811e-02 -6.266466860577302178e-03 -5.578313336295345412e-03 7.425022040225718462e-03 -1.880517138162846047e-02 3.979292537856549822e-02 8.279873111289183518e-02 2.697176486068814799e-02 -2.773541166901899446e-03 -1.294272229912866723e-01 -1.417958969671576919e-01 -9.825724761231413931e-03 3.385853162291541790e-02 -2.186242648279849293e-02 -3.692708314354451599e-02 9.492367993026934458e-02 2.020277671742972403e-01 8.822389231399849208e-02
3.479968001841603209e-03 -8.652961923049099641e-03 6.725886142398843082e-03 -4.328616793024070430e-02 -1.753749002673088073e-03 1.921320483894875530e-02 -1.724697965226343332e-02 -2.667264003499245084e-02 5.512160706058689963e-02 9.549296400087695091e-02 -1.207599319872846994e-01 -1.393096456880016376e-01 -9.427636306019998927e-03 4.099392966197569488e-02 -7.039225900491634033e-03 2.915725020284025762e-02 -1.340610870659678447e-02 -3.692708314365301947e-02 8.822389231399849208e-02 1.839610298407265976e-01
